39 23
38 39
29 26
62 46
12 15
41 46
8 38
2 42
17 14
82 4
23 19
29 16
77 27
14 9
19 45
3 33
1 41
31 30
26 36
26 15
68 37
0 48
46 22
58 42
77 8
68 23
46 36
59 33
61 1
82 5
1 43
1 38
82 11
58 38
80 23
14 31
40 14
12 18
17 36
11 36
67 10
22 33
23 9
68 18
50 23
16 35
18 16
42 20
72 38
16 49
64 35
29 18
22 1
37 49
7 45
71 42
1 2
59 7
49 34
65 44
77 18
82 14
46 17
39 32
57 9
68 37
79 22
77 26
82 17
6 18
67 20
28 43
41 22
68 22
3 36
5 42
8 25
77 24
61 3
75 37
18 33
17 15
82 35
54 41
43 46
46 23
26 27
8 47
8 2
64 2
18 32
13 45
20 22
41 40
67 1
7 25
14 46
62 2
39 10
58 17
20 37
73 30
68 42
17 37
46 10
65 2
12 3
76 25
18 29
3 42
65 35
20 1
77 22
61 3
57 8
13 28
40 8
16 13
77 37
5 28
42 35
3 6
45 34
23 44
69 41
23 38
37 40
80 33
37 27
41 18
9 1
17 10
37 14
22 10
43 32
17 25
1 26
27 32
14 40
39 16
29 32
30 7
82 34
46 1
42 48
23 5
74 27
22 13
44 13
27 13
77 4
13 47
13 20
42 41
22 48
41 39
54 9
41 39
23 47
37 28
3 25
57 24
61 11
64 18
57 19
27 43
32 37
54 14
27 36
71 26
58 13
39 23
57 3
9 9
2 22
0 27
57 15
32 24
29 34
82 14
3 46
60 12
48 49
82 2
26 48
39 35
39 38
8 8
82 47
0 40
13 16
29 26
46 44
52 40
76 48
54 29
71 15
26 2
50 30
54 8
23 5
44 43
45 30
44 46
82 25
29 7
46 25
12 10
82 13
23 26
77 18
5 5
29 37
12 20
41 21
18 15
46 43
77 17
46 41
7 12
26 8
40 19
45 17
14 12
82 12
27 23
26 9
31 32
31 40
29 27
60 42
40 47
17 31
82 44
80 4
58 20
9 44
13 12
76 19
18 8
45 4
29 24
0 41
73 33
59 10
44 32
47 48
45 17
27 13
16 27
8 26
57 28
17 9
18 1
40 15
47 41
17 1
72 11
57 41
26 7
48 32
58 13
3 30
9 24
82 24
77 1
46 14
77 45
42 45
27 5
46 6
37 24
22 10
41 3
13 22
46 10
69 39
18 24
82 36
48 26
82 45
13 29
9 10
26 3
77 40
68 46
61 43
38 43
27 23
7 22
7 21
80 7
58 49
48 24
22 30
58 25
78 19
77 21
46 7
38 16
57 47
16 32
72 44
77 11
57 16
39 8
35 6
65 7
50 42
77 20
14 9
67 21
63 25
7 14
77 48
79 7
16 3
82 26
36 48
63 28
42 32
12 41
57 28
80 1
29 49
57 16
46 4
57 36
41 15
13 23
61 33
46 41
39 38
73 47
17 18
77 2
9 28
44 44
82 35
45 46
50 40
46 34
32 18
77 6
46 2
49 13
49 15
84 25
26 48
8 36
40 45
55 6
26 34
2 7
82 9
32 46
20 48
82 23
43 23
58 10
26 36
3 8
22 16
42 33
71 8
22 6
27 22
82 5
61 39
75 32
49 20
77 37
7 26
31 5
26 46
77 8
73 12
44 13
64 2
19 38
82 12
82 47
47 48
68 3
16 38
32 38
27 13
60 37
77 1
58 42
12 27
57 37
82 21
32 2
1 45
82 23
72 9
60 40
16 2
58 14
39 34
17 26
42 34
42 37
82 47
46 12
29 6
17 23
37 30
26 28
18 4
58 6
76 41
71 17
55 35
77 35
42 7
7 32
29 29
37 41
5 46
27 49
64 45
22 45
64 17
27 28
28 15
44 14
68 40
17 35
58 16
47 28
8 24
78 42
72 16
8 47
20 12
38 36
3 9
17 29
3 48
17 16
7 31
82 22
31 42
7 42
68 31
55 24
12 47
52 48
3 25
4 34
13 5
82 48
57 10
29 30
45 45
43 48
82 44
6 32
7 44
82 24
54 8
54 10
31 20
77 26
46 45
77 39
77 39
27 16
39 19
8 45
8 10
45 27
80 3
69 29
45 36
45 39
59 25
18 34
16 13
26 30
26 31
29 34
82 34
46 1
8 20
77 13
37 38
82 14
82 15
82 37
58 20
19 34
41 18
46 48
36 37
32 33
26 7
61 7
27 14
7 31
72 18
46 24
77 21
41 1
22 13
48 8
46 27
20 41
58 20
61 49
64 40
8 43
29 17
4 47
27 16
46 22
82 37
7 37
50 13
32 29
82 5
42 43
82 7
8 18
27 46
27 36
24 21
77 31
60 49
39 3
44 45
37 11
84 16
52 2
19 11
27 1
23 17
64 22
82 6
33 43
77 27
40 26
3 46
77 26
64 10
17 32
31 27
64 9
20 29
41 3
42 13
13 27
46 22
12 3
32 33
65 13
82 26
10 44
37 33
72 39
29 6
7 38
27 24
17 49
82 16
58 36
82 1
50 2
43 13
20 35
49 17
29 4
5 46
82 22
37 37
43 4
37 29
45 8
22 36
14 16
29 2
7 37
41 27
29 18
7 9
20 30
48 9
31 16
27 41
26 9
46 37
64 18
58 42
67 15
46 24
41 48
26 43
31 41
43 32
27 20
17 19
77 16
20 33
41 10
82 9
59 16
59 30
41 7
54 30
6 3
14 10
21 15
41 38
78 1
27 9
20 13
82 28
46 4
59 13
49 7
26 33
22 30
29 39
26 37
82 22
39 4
8 8
7 3
47 27
27 12
50 34
50 10
3 17
77 26
58 33
60 36
67 40
70 20
17 5
77 16
8 8
29 22
77 47
23 25
76 23
42 11
69 8
42 20
46 6
41 32
22 32
61 47
77 28
19 36
17 22
77 47
61 36
68 27
27 35
36 48
64 39
27 30
21 34
31 48
27 10
46 6
20 45
44 48
41 9
64 47
16 13
82 45
6 17
45 2
27 32
46 15
22 6
17 11
67 49
82 8
1 30
23 18
42 14
68 30
20 30
82 34
67 36
29 28
18 29
47 28
73 39
60 34
31 38
4 13
37 4
20 28
29 11
4 1
54 38
17 39
47 25
65 2
52 33
26 29
41 35
82 30
14 3
15 8
71 36
6 47
80 44
68 19
42 1
68 6
20 28
82 42
73 33
59 11
37 28
57 6
47 36
32 5
77 16
75 16
46 26
57 24
7 42
0 40
61 19
72 45
58 45
72 45
50 46
39 17
82 29
42 48
71 29
47 38
17 17
70 3
40 24
71 25
16 12
68 20
16 41
32 4
30 31
82 28
46 12
20 2
16 20
68 30
9 11
32 12
46 12
18 3
72 7
12 37
20 17
71 32
32 6
64 36
5 45
52 15
54 23
71 4
17 4
14 15
31 29
19 43
52 38
3 45
70 47
55 43
46 23
46 26
58 36
82 40
45 16
82 27
58 43
72 33
29 13
38 32
31 10
41 28
13 38
8 43
26 6
52 3
42 37
57 46
77 20
37 22
52 41
27 13
19 20
8 45
37 11
82 31
1 45
68 13
13 41
76 13
27 18
7 31
46 38
17 18
3 30
41 21
18 42
61 33
20 33
54 19
22 40
58 26
16 40
22 5
22 32
7 24
79 29
82 6
72 2
77 27
5 39
5 28
41 47
41 30
47 19
17 15
40 39
67 4
16 12
41 42
50 11
77 13
64 29
29 16
64 25
27 33
64 36
50 13
23 43
60 15
23 37
46 32
82 16
17 28
22 5
31 44
77 23
42 29
77 32
60 13
14 20
39 27
12 20
14 37
46 25
74 34
32 26
20 31
44 40
78 6
70 38
26 30
82 16
17 40
49 39
1 28
27 18
82 33
3 38
78 30
29 33
17 49
63 26
77 3
20 27
9 36
43 29
46 13
76 49
40 22
9 38
69 27
72 6
17 27
8 24
40 40
54 7
47 49
9 43
77 46
41 48
17 40
43 16
26 17
82 46
2 49
82 19
45 28
72 32
18 36
82 5
78 6
64 39
41 23
29 15
43 19
3 3
1 25
77 14
3 23
41 38
80 15
22 28
77 43
26 28
71 48
29 45
52 27
3 10
65 4
42 8
7 26
7 43
55 27
3 39
47 15
82 5
82 17
20 33
40 7
22 20
39 39
74 7
58 24
41 13
7 13
23 25
27 5
78 20
47 31
82 36
14 3
20 30
31 45
16 35
8 16
20 43
77 38
29 27
77 15
71 33
42 33
37 5
18 8
72 24
0 15
8 7
60 24
16 33
12 15
54 24
0 31
4 21
73 22
19 17
17 28
26 15
7 44
68 2
77 7
8 31
20 18
16 49
72 48
67 20
82 33
67 17
41 4
20 49
17 13
7 29
5 1
27 11
71 48
3 45
73 25
70 23
82 34
46 15
41 7
26 22
45 27
48 27
40 30
40 47
77 16
29 9
3 5
8 27
22 41
60 29
75 10
60 48
17 42
29 17
17 40
32 24
42 31
60 31
75 7
71 37
40 15
82 48
17 30
73 21
82 25
60 14
27 32
59 29
42 15
17 20
75 41
27 2
64 33
41 49
19 14
8 49
13 43
42 41
67 40
31 16
45 11
80 46
68 18
17 46
69 4
42 6
13 45
0 33
18 10
58 14
16 15
71 31
27 30
27 10
33 5
3 48
77 27
46 14
7 36
58 42
3 15
29 25
75 49
64 35
61 44
17 40
41 10
8 18
37 21
42 37
82 26
46 32
82 35
27 33
71 20
82 26
9 13
77 17
77 19
78 11
37 20
82 46
14 25
26 35
38 40
64 21
52 46
82 24
33 26
60 30
82 38
67 7
56 11
16 18
14 40
68 14
27 3
29 29
40 18
40 2
49 23
60 28
20 9
8 5
57 33
79 27
64 15
43 23
73 30
18 32
41 39
31 9
8 45
17 22
69 11
64 19
17 17
23 18
27 44
72 21
20 10
20 35
60 41
77 24
7 25
18 48
41 3
64 49
27 6
46 23
77 23
5 11
82 7
69 16
63 15
32 23
82 47
20 43
0 41
38 37
28 2
82 9
55 22
46 1
82 16
45 40
42 35
56 28
75 48
12 39
60 43
17 2
74 8
68 3
48 9
29 10
13 10
77 28
26 9
77 44
37 36
77 36
46 22
72 12
68 7
61 28
27 43
82 41
61 13
37 26
48 26
61 44
29 28
60 45
72 16
20 35
37 30
42 37
60 20
10 30
26 24
71 6
27 31
82 2
71 40
73 23
63 32
16 3
1 6
46 5
46 23
9 8
13 4
50 36
6 24
26 6
29 32
7 33
72 48
5 24
27 40
60 28
17 33
37 26
30 31
45 6
11 35
78 15
19 49
29 16
42 37
8 31
42 3
68 27
27 21
8 8
26 46
82 40
22 19
64 21
77 40
12 9
28 35
69 47
6 44
26 37
49 43
82 43
37 32
78 48
26 10
7 25
22 43
26 5
71 13
37 34
77 28
22 41
22 19
57 21
31 11
80 12
8 18
75 22
0 5
77 43
71 15
82 46
19 29
46 41
31 33
61 45
43 19
10 19
61 48
27 32
52 6
26 37
44 1
8 18
46 17
17 45
42 3
61 13
17 48
7 9
82 45
82 8
40 20
68 15
41 24
72 3
60 4
68 6
7 5
27 28
3 3
23 25
60 46
32 48
41 15
33 45
72 34
9 43
27 36
17 20
27 16
82 3
58 27
58 21
29 12
60 17
82 46
20 40
29 27
65 20
77 12
43 2
8 37
39 22
78 47
61 1
84 33
26 40
19 26
27 35
26 19
26 28
16 1
54 27
65 36
41 28
0 11
52 14
73 17
42 35
26 34
29 5
3 35
27 7
60 22
72 18
32 13
46 48
72 8
58 14
29 19
58 36
37 2
23 18
67 6
41 34
17 43
17 46
8 4
63 27
29 1
42 46
29 38
13 37
47 5
82 32
82 25
7 36
45 38
28 41
48 17
73 3
74 37
12 22
40 34
52 31
82 3
44 28
14 36
45 19
22 39
80 20
42 7
47 33
7 24
82 23
41 26
16 27
44 34
16 6
23 39
72 42
42 23
27 48
43 36
7 42
82 4
57 12
82 21
41 22
8 31
37 38
37 6
28 1
46 42
50 46
1 41
50 6
61 21
47 3
43 45
17 29
7 41
39 47
4 17
41 36
19 5
7 17
61 27
46 16
17 48
46 49
54 2
13 46
73 42
26 43
40 29
4 23
46 3
77 3
8 39
2 9
78 20
72 34
20 10
61 1
82 39
23 4
80 43
57 7
60 24
26 14
77 13
77 7
63 44
8 40
45 39
68 40
8 18
29 17
37 35
32 45
54 48
39 31
72 28
68 46
12 8
69 49
32 28
3 25
55 6
82 46
13 14
30 49
27 32
42 29
42 8
57 23
1 37
4 20
67 47
11 6
57 18
31 9
60 15
27 23
41 16
71 19
17 37
82 3
29 34
26 36
41 10
60 49
46 5
8 42
36 14
63 47
46 22
54 41
28 33
9 31
26 2
77 9
60 4
3 48
68 43
82 15
57 25
47 26
61 46
47 28
7 49
29 18
42 5
79 3
17 6
73 43
77 2
31 13
77 31
82 16
8 36
70 10
54 20
41 10
77 5
7 10
65 34
82 13
78 19
14 27
17 19
82 39
57 10
77 12
28 21
50 17
82 40
19 18
45 40
82 7
69 13
29 9
57 20
45 4
9 39
3 4
48 4
16 14
2 23
20 35
67 42
8 5
54 14
29 20
72 34
3 12
45 49
60 27
32 34
62 9
61 20
82 41
1 22
48 35
23 48
72 34
73 23
28 27
82 12
80 10
40 16
27 22
37 16
14 14
72 31
39 20
30 20
29 32
82 31
2 33
69 8
28 48
82 3
39 48
49 48
7 23
58 46
54 9
62 30
31 29
31 22
26 21
13 38
48 11
47 31
31 29
37 14
32 6
29 45
14 4
65 11
29 27
5 4
30 28
16 42
18 48
12 47
17 19
64 2
57 4
3 42
54 28
39 48
29 14
72 7
27 29
45 2
71 20
82 39
44 31
46 42
3 42
72 13
60 32
75 31
59 1
52 46
9 18
32 49
40 35
82 36
19 47
9 1
72 3
46 45
71 29
57 37
65 28
23 11
60 15
6 25
0 49
14 3
27 10
44 28
32 4
17 37
20 16
5 38
82 11
8 36
26 2
4 40
82 6
3 32
58 38
54 25
46 49
27 14
55 27
60 23
8 10
41 26
46 9
43 4
68 17
32 16
82 3
29 20
44 41
39 23
32 23
82 40
71 28
14 48
18 26
22 3
77 2
77 19
37 15
46 19
27 12
60 39
20 12
41 15
7 48
46 31
40 23
45 27
27 43
48 41
26 40
46 14
77 32
46 15
8 25
36 34
41 30
72 17
16 36
82 27
49 27
8 44
20 3
63 1
29 30
39 36
32 29
36 9
40 21
49 46
4 30
29 38
59 6
78 47
32 45
16 15
82 18
17 45
37 12
3 23
49 17
7 7
52 29
27 21
82 21
60 11
30 2
60 45
29 3
27 17
41 6
12 14
8 32
67 32
52 30
10 29
1 3
23 17
67 41
44 6
29 49
8 44
26 35
61 4
42 6
76 47
27 25
32 19
26 19
72 25
32 18
77 39
54 27
29 6
27 44
19 41
46 3
4 3
4 4
18 9
47 36
20 48
54 24
59 16
72 29
65 14
41 48
57 23
27 23
13 34
46 19
46 49
79 40
48 15
41 45
55 8
67 25
54 31
26 47
23 39
49 19
3 23
46 8
27 21
39 27
46 47
40 31
8 31
46 2
23 37
17 35
17 2
31 22
52 46
69 4
82 19
41 25
27 46
64 46
41 46
77 37
52 13
50 42
55 26
32 9
47 3
64 6
68 11
82 41
39 21
41 1
29 19
26 32
69 48
39 37
16 4
46 47
41 13
26 16
23 3
20 45
68 17
80 13
59 15
26 27
20 29
13 34
32 43
33 35
17 15
31 20
7 39
59 15
46 10
60 30
77 27
41 40
5 11
15 42
77 15
46 33
68 20
77 27
54 16
27 21
27 25
60 43
5 29
29 25
57 34
77 20
29 20
55 27
26 38
29 2
43 40
26 6
19 5
31 27
27 46
10 40
7 1
59 37
49 37
31 31
44 1
43 17
40 29
82 7
27 5
47 14
20 20
32 43
82 2
32 7
23 37
23 6
41 39
61 26
23 4
26 38
22 19
20 37
59 3
60 34
16 20
27 27
26 25
23 9
6 40
7 33
49 14
38 2
69 1
36 41
60 8
54 36
32 48
17 18
61 9
46 1
82 35
74 8
27 8
75 39
68 39
46 9
41 43
41 12
74 21
37 19
57 24
20 33
27 14
17 7
76 43
82 23
7 37
82 8
80 38
38 18
9 36
82 14
55 40
22 46
68 37
82 38
32 32
27 27
31 34
63 36
57 34
29 20
45 10
37 49
22 7
82 46
2 15
82 44
1 15
64 40
20 36
32 11
77 5
70 48
20 1
72 2
49 9
43 32
37 24
0 11
27 48
72 28
52 43
37 1
78 45
52 2
82 4
18 19
43 32
17 10
4 9
20 14
46 47
71 34
77 22
23 14
17 47
3 8
8 28
39 41
31 10
13 9
26 24
18 31
64 4
46 11
61 37
5 44
40 11
16 7
46 40
18 13
19 11
64 18
65 13
13 8
45 37
54 12
42 10
43 25
46 5
71 39
75 42
23 17
62 13
61 32
64 6
82 12
82 12
29 39
52 31
5 22
26 13
41 3
41 40
17 36
17 10
33 20
82 20
68 36
82 40
8 37
43 18
43 6
68 4
76 36
45 31
67 44
46 41
64 46
50 29
47 20
46 34
9 47
41 27
40 34
7 37
46 43
64 27
8 33
77 30
17 45
72 7
50 38
7 12
23 42
32 1
46 47
82 18
17 31
58 32
39 24
73 32
29 36
13 9
13 15
27 43
37 24
17 41
27 24
43 45
82 36
71 25
3 16
19 37
17 9
82 44
61 33
16 12
82 34
6 39
27 40
47 49
27 49
36 1
22 23
8 28
27 11
42 32
23 18
14 30
22 46
8 6
48 39
80 21
43 44
52 29
75 12
16 32
20 6
6 24
54 23
46 18
78 16
39 23
57 25
7 20
43 6
7 8
40 19
42 17
82 31
44 39
82 24
31 38
64 43
54 49
60 37
58 26
37 20
38 44
49 36
7 1
77 46
24 13
82 4
57 46
23 36
77 26
77 15
17 27
54 15
16 30
16 26
3 3
37 40
62 44
29 46
40 21
59 24
67 29
22 47
27 24
18 39
19 5
17 8
16 38
18 28
47 36
54 48
55 43
41 31
20 45
16 19
16 34
69 9
72 23
82 22
8 35
23 30
57 37
82 38
26 39
82 24
40 21
72 20
72 29
41 14
27 36
46 31
64 32
45 14
28 12
29 23
39 36
60 1
17 29
72 48
61 41
17 21
82 15
4 17
37 18
39 9
16 40
70 17
29 37
57 30
23 34
20 15
32 43
50 38
7 36
47 4
28 43
9 21
65 36
82 31
59 48
62 4
67 23
41 26
82 12
31 14
17 20
64 41
39 22
64 37
46 49
67 7
65 41
65 48
17 17
17 9
39 15
82 24
75 26
46 46
82 6
42 37
7 2
5 48
48 8
82 9
19 33
31 45
16 39
47 43
77 42
71 16
27 22
52 22
82 9
47 30
43 43
18 3
67 30
70 48
57 14
59 35
29 6
44 21
44 11
23 41
22 13
49 30
28 26
49 7
32 30
46 8
82 22
19 25
13 34
27 33
82 19
65 23
57 24
23 2
67 29
62 18
26 12
23 21
58 42
49 41
73 21
82 49
2 40
82 21
41 47
23 22
17 23
19 39
76 30
22 25
65 21
29 4
40 30
40 16
29 43
8 39
23 23
59 41
20 43
58 49
37 24
77 45
8 5
29 36
23 35
16 8
58 28
32 24
27 46
42 36
0 30
27 29
42 44
4 4
52 29
44 28
82 10
43 11
4 2
54 4
3 49
64 29
36 24
29 33
71 5
73 39
77 12
29 21
14 35
41 30
18 23
20 16
7 3
71 28
27 40
22 11
3 37
23 4
78 17
17 5
45 32
68 40
40 8
7 33
57 12
32 36
44 39
63 13
43 21
82 4
26 9
17 47
69 32
27 10
17 49
67 6
29 42
77 24
57 7
82 46
1 38
14 27
18 49
20 35
50 26
58 22
32 33
17 31
42 25
52 16
4 30
3 3
16 30
54 12
6 38
77 13
52 35
41 18
52 1
7 36
22 4
26 23
58 25
1 43
59 17
47 21
49 17
59 39
59 37
57 42
82 48
42 5
9 13
82 13
54 1
61 33
38 24
67 17
39 38
27 40
17 4
47 29
82 3
60 49
32 12
82 41
61 1
77 36
57 40
80 9
5 6
45 3
41 40
71 40
7 48
60 9
7 4
31 28
82 23
78 27
4 42
5 16
8 31
77 30
61 26
54 30
23 47
41 11
16 3
29 4
29 16
67 14
8 17
5 48
37 24
57 16
50 14
35 9
22 11
46 25
9 45
23 20
61 27
43 44
72 41
37 42
50 3
18 12
82 1
16 29
69 3
57 40
77 22
29 4
8 32
57 33
41 47
27 10
72 27
26 43
72 46
64 2
18 1
20 40
67 6
54 29
2 3
39 13
31 33
20 28
37 35
59 48
65 29
58 30
17 40
72 44
41 2
27 21
49 17
6 23
26 1
29 46
31 49
31 2
21 37
45 24
3 4
64 16
16 37
54 2
60 11
20 38
29 7
67 30
29 46
77 48
26 35
42 12
18 42
39 24
67 12
3 20
82 37
8 42
64 7
57 12
46 2
27 34
29 46
50 8
29 32
80 45
22 12
64 17
22 48
31 44
82 12
18 42
47 24
26 25
46 18
80 22
26 4
47 46
19 17
16 15
68 2
27 24
60 29
72 23
76 41
31 9
58 8
44 39
16 27
82 27
43 4
77 7
69 3
0 15
82 2
77 19
16 36
3 27
17 40
22 16
80 3
16 35
67 14
80 20
72 43
26 25
77 22
67 23
43 41
1 45
17 44
70 29
48 29
23 26
42 22
77 37
7 8
23 48
4 13
29 25
5 21
17 17
57 19
16 8
27 37
48 46
16 34
71 3
60 5
38 14
60 41
29 10
8 21
60 3
61 33
14 41
37 13
22 33
82 11
22 14
2 25
77 46
68 36
31 34
27 4
46 33
3 31
61 22
38 14
37 6
49 22
17 21
76 9
18 39
42 10
4 22
58 41
18 12
42 39
82 25
59 21
8 47
2 34
64 4
31 15
23 44
49 16
82 30
52 18
28 15
75 47
27 4
26 43
20 47
72 6
17 11
40 34
38 33
27 6
47 15
27 1
29 6
32 48
82 44
82 38
73 33
26 3
9 20
31 34
2 11
18 23
17 34
1 16
42 27
8 24
47 20
31 48
11 44
8 43
0 37
9 21
55 6
63 19
6 29
18 11
39 11
42 27
73 11
19 31
26 36
50 31
46 3
40 25
45 16
16 16
59 22
29 6
57 17
42 49
82 41
77 16
41 15
17 4
3 5
64 45
67 36
29 48
17 27
23 15
47 12
77 47
32 41
78 10
57 48
77 17
40 33
2 38
42 42
23 20
14 33
42 15
4 24
70 8
2 1
41 46
16 33
19 9
69 7
46 39
45 39
22 43
29 32
49 2
58 29
29 12
57 27
27 18
18 9
12 22
29 23
17 10
26 29
46 30
40 17
7 11
61 12
46 16
13 43
40 8
27 7
16 34
39 14
17 37
29 5
29 18
72 16
27 12
41 3
57 1
2 41
27 44
32 1
17 16
72 28
7 4
68 13
39 5
49 22
58 8
41 1
7 14
46 5
57 43
72 17
26 7
10 26
40 15
19 7
72 4
64 18
20 35
67 38
14 1
67 5
18 32
27 38
41 39
54 46
82 7
44 43
45 5
82 17
45 14
57 45
82 18
39 29
0 5
13 29
37 42
29 10
46 14
39 18
57 48
54 16
27 30
39 40
82 20
72 24
20 17
52 35
16 3
82 39
27 25
26 25
76 13
82 9
69 25
46 45
22 33
46 25
82 22
27 20
76 14
63 47
82 46
67 35
82 29
20 47
38 12
60 8
77 44
27 37
45 49
14 14
82 42
26 19
27 27
3 31
41 37
46 15
17 10
67 34
46 16
46 18
45 16
46 40
57 45
7 2
77 8
18 2
23 7
42 24
47 30
28 29
77 13
70 28
52 35
26 14
31 9
20 5
75 39
45 32
18 43
27 3
33 42
45 18
17 7
19 33
20 30
8 35
26 42
37 28
59 32
27 13
7 34
31 11
13 33
29 18
7 20
77 48
29 13
6 15
8 11
13 13
57 1
40 38
20 31
13 11
33 22
71 12
82 30
58 29
26 8
23 4
9 20
4 36
27 36
68 16
12 38
68 42
43 42
54 40
57 49
27 7
82 38
18 39
72 11
18 29
3 21
27 39
69 39
40 5
16 32
45 11
50 22
37 7
82 7
8 21
23 10
77 29
65 20
1 36
29 42
12 38
52 16
23 32
71 47
82 30
71 26
82 39
20 7
13 6
41 7
26 22
17 20
16 1
19 45
16 47
37 30
82 38
57 8
43 39
40 31
27 29
57 11
68 3
43 45
82 10
27 34
73 31
27 47
82 49
9 16
28 28
20 34
52 10
65 9
27 5
60 46
38 28
33 31
64 14
26 12
46 17
42 14
82 9
4 29
82 21
69 14
82 18
46 1
69 20
60 37
60 2
68 34
27 17
77 8
20 38
58 34
67 26
71 22
14 22
82 29
43 22
69 36
46 11
46 25
37 17
6 9
8 11
82 39
41 10
71 8
42 43
55 35
22 8
54 23
46 27
3 36
67 39
0 40
41 26
40 26
67 5
80 6
46 33
82 33
41 43
39 15
16 14
27 48
31 24
48 26
76 32
20 48
47 14
17 37
27 25
60 7
6 40
57 16
77 12
17 44
48 21
20 3
26 42
17 16
64 9
82 31
17 8
42 11
37 2
57 34
41 49
67 45
26 31
29 39
16 13
28 20
16 18
80 26
22 4
69 46
27 5
41 34
23 39
7 44
82 3
20 37
45 27
16 32
60 33
3 8
42 46
1 48
3 3
7 16
69 10
37 14
57 19
82 24
31 29
46 25
77 47
29 49
52 29
78 37
61 37
20 5
72 21
61 38
23 45
26 34
19 38
82 47
78 47
52 10
61 9
72 8
41 24
45 21
26 44
18 33
37 2
60 22
65 21
16 46
82 37
64 32
77 9
58 33
29 44
57 19
18 45
58 5
32 36
43 30
43 44
43 26
50 6
3 27
58 34
77 36
6 30
48 18
8 7
23 31
43 28
16 34
77 17
29 7
71 38
46 29
26 46
46 2
50 34
59 32
8 40
29 11
24 12
8 2
77 39
27 4
31 36
37 44
9 20
26 43
17 11
82 47
22 5
77 9
46 22
82 12
27 1
16 44
70 3
79 48
82 9
59 14
52 42
46 38
6 15
62 39
41 2
72 47
18 42
50 30
29 5
42 23
68 2
26 21
58 46
40 29
77 14
80 37
3 17
31 27
14 21
41 12
20 43
13 16
64 10
31 22
47 8
46 18
20 43
73 38
47 3
77 11
40 34
42 0
14 41
17 11
14 30
46 12
42 43
41 9
20 5
77 27
20 33
19 27
26 26
23 20
9 24
42 20
13 3
26 38
64 33
60 8
0 7
8 43
37 28
16 7
63 20
64 1
50 25
41 4
48 44
9 7
63 33
45 49
1 24
8 5
61 18
0 45
64 26
12 35
7 34
57 7
72 27
47 26
49 12
82 21
16 37
68 13
36 32
1 23
60 43
84 16
58 9
58 47
73 39
84 45
60 13
20 29
22 47
57 16
68 12
41 27
43 25
68 46
71 45
7 10
28 8
46 34
27 4
75 7
82 43
17 36
82 25
72 12
18 43
46 21
52 38
20 21
77 36
82 1
12 2
23 36
29 31
26 33
18 10
82 44
47 18
80 27
31 31
19 15
26 25
82 26
13 17
60 27
57 45
43 49
43 36
69 33
4 13
29 5
27 9
45 30
77 18
12 34
1 24
39 8
58 37
28 33
27 23
41 10
73 38
64 15
29 27
69 16
27 40
46 39
13 47
68 1
58 14
3 43
9 17
4 42
32 2
48 49
82 38
12 49
77 12
2 3
82 19
22 13
22 3
23 20
46 5
22 9
82 19
46 44
49 8
29 15
82 23
49 32
50 44
64 34
13 6
72 49
77 16
27 41
29 4
29 11
82 21
29 17
55 20
42 48
54 16
16 32
2 1
67 42
19 40
68 3
82 2
67 27
8 43
44 22
17 24
59 29
17 17
32 6
17 26
8 17
57 24
29 13
18 22
7 39
29 39
8 35
77 19
12 31
77 40
60 40
77 27
64 19
26 7
23 29
26 23
45 47
47 23
18 40
54 16
64 15
8 37
44 38
13 14
31 6
6 7
63 15
77 47
82 14
26 1
23 38
27 27
26 34
7 37
77 20
9 2
3 28
46 40
52 13
77 9
68 2
46 34
58 31
17 38
7 1
71 22
76 9
32 35
69 16
8 32
41 7
20 7
41 10
50 3
6 34
45 37
57 15
76 33
71 39
19 37
26 4
77 20
0 35
77 48
13 23
74 17
46 8
16 15
16 14
58 33
19 23
48 38
31 49
17 31
31 18
22 38
80 30
45 4
46 14
12 17
78 14
0 23
71 4
10 17
22 49
37 36
22 38
39 3
17 32
7 15
29 22
30 14
7 26
27 16
27 37
67 26
6 1
42 23
37 6
61 43
18 47
47 20
27 39
68 29
23 18
54 37
64 3
68 17
13 24
7 16
48 26
13 43
60 26
72 24
60 28
82 40
3 12
16 2
60 7
68 44
46 9
27 8
18 4
67 4
26 17
17 9
82 49
42 19
68 32
54 34
82 17
46 1
27 27
26 9
31 26
19 38
57 22
20 39
78 8
41 20
22 42
29 40
44 41
67 42
59 30
19 33
82 41
14 26
69 6
82 8
7 34
29 21
71 19
67 23
73 2
59 37
48 18
46 13
82 41
23 24
38 11
78 11
7 20
12 40
12 2
23 34
50 19
8 15
47 47
60 37
23 43
68 1
41 2
49 10
57 17
69 34
62 42
3 16
37 47
12 49
45 10
2 16
77 23
68 12
7 44
29 47
41 15
68 39
32 7
78 20
37 24
37 17
32 38
26 20
16 32
14 45
32 26
0 21
19 27
82 8
60 40
77 39
64 20
46 45
76 3
45 16
9 25
32 49
37 28
1 6
39 35
72 16
0 38
29 40
82 10
46 46
65 16
77 12
32 35
46 9
54 33
52 47
59 42
17 34
69 1
1 34
2 32
82 35
26 33
75 33
63 14
55 46
7 25
8 7
22 48
59 6
16 30
54 45
82 24
77 14
20 24
77 42
61 28
54 44
17 29
45 3
32 22
42 42
19 32
41 8
26 13
57 45
72 39
12 10
29 34
54 11
23 6
46 13
7 5
72 18
23 46
54 11
54 7
43 7
67 41
42 15
17 41
40 43
20 17
19 4
61 47
12 35
67 1
46 5
47 32
60 25
80 47
17 14
67 17
78 46
31 28
77 5
67 49
17 4
60 13
13 48
63 29
61 26
60 24
48 14
8 30
42 32
20 42
41 2
16 9
38 37
32 0
43 3
46 28
47 4
17 49
29 30
17 38
72 29
16 36
18 8
54 21
23 27
82 36
29 5
8 13
17 46
4 24
28 11
46 2
3 28
1 40
60 20
7 47
37 49
5 19
22 48
84 29
41 29
77 41
18 49
27 33
22 45
82 19
38 32
77 38
7 17
27 36
59 25
1 22
41 48
9 8
1 44
44 10
77 6
61 29
27 3
80 19
67 42
20 29
58 9
22 22
42 36
17 12
50 11
46 5
82 46
40 4
22 5
13 8
13 19
3 19
72 28
27 41
72 46
82 37
8 26
27 34
38 33
82 2
43 23
31 23
82 3
57 40
17 3
82 23
28 33
9 23
17 24
18 38
29 28
60 43
26 42
71 48
18 10
7 35
27 22
20 37
46 41
46 44
73 31
33 22
20 2
16 18
52 6
18 12
17 26
77 5
82 2
17 8
79 14
29 41
59 5
37 41
22 28
17 13
41 24
9 5
32 0
46 24
67 45
68 16
4 38
9 3
42 48
7 22
67 35
67 38
27 45
64 30
50 45
13 22
68 18
74 29
9 20
69 32
29 28
16 32
27 44
13 26
46 19
17 13
22 14
61 6
29 39
69 13
7 49
13 18
57 37
62 29
26 18
40 32
58 40
29 34
18 8
1 6
46 49
12 26
29 29
46 5
17 44
22 22
16 24
55 1
63 35
29 15
4 16
27 26
82 35
46 1
29 37
82 3
68 37
13 31
37 12
19 31
41 27
20 9
60 42
54 20
55 5
62 22
12 3
16 13
45 20
22 35
27 10
67 12
79 22
26 24
27 16
12 28
27 20
46 17
22 14
69 11
58 26
64 26
46 47
36 27
43 13
45 48
20 10
46 24
60 15
60 19
72 21
27 36
44 38
75 12
23 24
45 3
13 20
82 32
1 7
23 42
71 41
6 19
70 10
46 2
72 11
49 19
82 9
22 35
67 13
37 37
78 36
49 12
71 31
12 39
1 41
47 43
23 20
3 1
3 32
26 2
29 37
40 14
82 47
82 4
12 32
41 23
20 11
75 3
46 39
7 4
23 13
26 26
31 35
62 46
46 49
16 29
44 38
9 38
47 26
29 48
26 10
22 34
37 11
42 47
37 36
6 12
68 12
82 13
27 21
49 44
57 17
82 46
17 14
82 13
17 38
42 3
77 48
41 20
29 7
50 25
82 32
17 27
6 30
41 3
7 36
17 7
46 40
13 2
82 33
27 15
16 44
78 36
4 13
21 2
29 11
60 6
8 14
44 13
82 39
60 3
26 13
22 41
27 9
73 16
41 21
29 33
22 6
22 20
46 3
78 18
7 15
33 39
46 35
14 24
26 32
65 47
77 17
54 17
31 11
29 16
54 30
55 36
46 21
60 36
82 1
54 30
46 49
73 21
60 8
46 16
8 33
77 6
59 5
42 48
77 32
46 2
11 40
19 27
33 41
21 5
45 5
20 14
72 17
32 12
57 49
45 37
17 38
71 29
47 22
42 46
49 1
26 30
29 1
46 42
82 30
41 2
49 13
68 37
27 40
82 2
58 8
7 49
40 8
22 4
28 24
77 24
52 1
63 16
13 30
57 31
65 42
63 19
32 4
6 19
1 17
12 11
19 12
32 25
27 22
72 41
23 4
13 13
82 3
76 2
82 23
18 22
20 24
29 30
61 31
39 12
27 42
19 34
31 4
54 43
49 17
82 38
54 46
69 33
28 6
14 43
54 27
65 32
42 8
46 41
68 8
18 33
80 32
47 39
27 33
46 35
40 46
46 39
61 46
27 38
3 18
47 20
7 40
75 17
37 30
28 21
18 11
61 9
17 33
23 36
75 47
54 3
20 17
58 19
42 17
42 16
77 8
72 11
64 18
19 34
60 14
78 32
31 16
58 30
82 7
48 44
27 35
82 45
14 6
77 9
77 24
76 21
41 35
3 49
16 20
82 32
8 4
77 16
16 13
22 30
76 46
44 31
16 13
17 13
29 44
77 48
46 44
63 47
78 30
64 41
46 40
20 14
18 35
26 22
19 3
17 8
16 45
2 21
30 23
80 12
60 14
14 47
23 44
43 30
46 2
27 14
26 20
13 48
58 24
42 49
71 10
41 3
16 11
44 40
23 24
40 23
23 36
59 14
26 41
8 12
46 10
57 49
82 12
42 40
54 7
16 13
71 31
60 46
39 48
82 45
62 12
43 21
47 40
16 7
47 21
43 40
80 28
27 30
27 43
46 30
74 2
67 41
9 25
5 28
29 7
7 21
73 34
14 14
20 29
82 6
7 4
55 4
42 48
82 10
62 17
82 1
20 24
82 3
40 7
37 10
14 21
8 18
7 9
74 22
27 2
76 48
82 49
48 8
30 23
45 38
46 20
4 23
37 28
16 45
46 21
3 28
23 26
42 4
14 27
13 21
11 31
0 39
82 33
41 38
45 1
20 15
6 11
67 33
60 33
7 40
23 37
29 26
36 34
29 16
52 21
52 14
17 36
40 40
37 15
13 28
54 32
20 9
20 9
6 44
6 47
7 10
23 40
16 12
71 12
26 11
12 32
61 3
57 31
29 13
73 25
64 19
40 15
77 33
59 23
29 18
57 16
29 8
17 23
57 14
59 8
23 32
77 8
59 46
68 9
12 5
77 31
55 8
71 44
29 31
27 14
71 35
8 39
60 35
26 19
50 39
16 8
23 16
74 33
22 4
26 40
65 26
4 47
31 19
82 39
37 47
37 32
68 31
82 39
20 31
22 18
27 22
71 13
77 6
82 22
2 39
26 8
80 34
1 33
14 41
12 17
59 19
57 15
13 1
12 41
70 5
6 1
58 43
46 26
82 17
39 14
54 38
28 48
82 13
27 38
37 14
77 47
60 8
57 12
18 9
46 21
7 46
49 31
16 5
26 14
13 35
50 44
65 45
68 39
42 21
17 40
60 24
55 37
76 49
37 18
26 20
31 33
44 49
72 28
78 33
31 38
42 2
8 9
29 11
26 9
42 17
46 37
5 39
33 29
61 12
54 25
49 10
58 42
41 32
40 30
60 5
4 49
20 27
75 6
64 6
80 17
48 40
44 20
61 10
7 36
77 27
67 3
17 42
46 43
27 13
47 8
41 8
71 15
38 31
32 27
60 43
0 33
78 29
42 12
77 46
65 31
27 25
37 48
65 16
6 7
27 12
57 47
29 32
77 22
41 9
29 32
67 15
76 35
18 4
29 7
41 34
8 32
42 47
8 43
19 24
63 2
21 42
29 18
61 30
3 37
29 38
27 4
46 10
47 25
49 46
3 21
82 46
15 20
58 9
31 30
31 44
46 16
18 4
26 17
50 11
82 1
12 25
7 29
19 11
52 22
69 1
50 1
42 26
26 41
20 19
48 3
54 16
45 36
70 10
28 30
27 38
49 44
8 32
0 20
82 26
37 39
1 9
57 20
39 37
67 20
64 38
42 1
44 13
77 4
1 38
1 28
22 41
47 27
12 41
8 30
77 20
29 8
23 49
26 17
22 3
16 10
26 27
60 32
61 19
4 26
37 10
23 2
82 19
12 32
20 11
8 40
67 49
39 11
13 40
46 23
82 18
45 46
69 40
59 42
29 0
29 38
27 40
69 22
40 38
27 49
41 45
70 22
77 15
82 10
41 25
26 29
77 29
47 18
46 46
42 5
9 1
19 19
38 45
26 27
22 49
26 21
57 43
69 2
60 9
31 23
64 19
45 49
65 16
57 42
18 19
4 27
41 20
82 34
45 36
49 13
48 2
27 5
22 16
17 1
20 28
31 21
44 20
60 31
32 23
27 35
46 43
57 45
44 11
12 25
27 8
65 11
5 31
64 12
54 39
54 23
9 37
37 24
14 32
64 27
20 2
67 32
58 2
19 30
22 21
77 21
82 13
82 3
32 15
20 17
42 18
71 8
42 12
41 24
68 23
41 15
54 30
77 27
72 30
59 7
80 10
17 4
16 16
14 5
58 32
82 9
27 32
47 27
46 25
46 38
57 28
6 7
31 2
16 33
26 43
61 2
77 28
26 23
28 17
72 42
31 37
21 9
16 24
67 10
17 35
82 29
77 25
77 37
54 47
58 47
27 35
26 22
39 5
62 21
44 1
22 36
9 38
39 24
71 12
71 4
16 13
82 19
82 39
31 1
33 23
39 45
68 30
40 40
17 33
17 9
46 29
63 43
50 38
23 39
54 49
8 1
29 30
77 25
55 26
1 39
46 27
77 14
60 7
60 4
60 37
46 30
47 13
73 34
58 22
22 9
77 11
29 27
22 9
23 40
58 6
38 2
8 33
61 9
54 21
46 40
37 37
57 41
4 42
64 45
16 27
22 28
27 5
60 44
18 36
22 16
52 34
41 40
8 38
43 44
11 21
20 26
57 36
46 47
32 22
49 12
29 5
59 16
8 11
58 46
69 46
59 28
23 19
17 8
60 24
26 13
45 42
62 41
20 44
27 1
16 7
22 42
16 16
39 45
64 48
61 12
16 7
58 10
28 33
9 33
54 1
68 8
82 4
20 29
69 41
27 10
27 22
64 19
9 36
75 39
20 12
22 22
47 3
3 8
58 23
18 39
7 42
20 14
64 18
37 38
49 11
77 24
41 25
32 17
37 35
12 4
78 49
40 25
29 2
16 28
19 42
54 14
78 13
54 39
42 32
22 40
67 19
17 13
42 26
12 5
36 2
16 14
22 28
26 7
68 42
72 6
13 32
73 47
13 28
41 28
46 6
27 2
68 17
37 5
23 40
54 39
58 17
46 12
78 10
26 33
27 18
57 31
22 12
27 37
43 3
47 24
78 9
40 24
46 37
27 23
3 16
70 20
50 13
27 6
67 46
37 23
70 45
41 29
16 27
20 39
6 19
6 21
46 31
18 10
43 28
72 31
32 9
8 21
3 31
77 34
82 45
49 3
42 41
7 30
17 41
73 9
62 8
32 34
12 6
9 36
17 46
60 33
36 42
82 48
31 29
47 21
26 43
42 1
4 24
68 11
71 6
28 17
29 3
39 48
29 49
68 41
67 39
17 26
17 44
17 13
21 26
26 21
9 41
78 23
17 21
37 2
42 37
32 5
16 15
27 14
22 38
16 18
16 6
32 8
82 31
77 25
29 22
44 33
19 26
60 9
23 35
82 49
60 5
6 49
76 5
7 4
71 18
60 41
6 31
57 36
46 36
55 6
19 3
40 38
41 42
21 11
54 34
82 31
82 31
80 39
70 28
64 42
29 37
61 29
82 40
41 48
67 13
80 36
47 37
60 43
27 3
20 29
77 44
41 46
42 16
20 23
17 24
14 22
27 29
27 45
39 13
22 24
7 34
36 49
32 35
46 22
45 36
29 25
41 25
45 5
70 25
26 12
61 33
60 20
44 32
48 25
27 5
60 44
7 25
80 11
82 41
26 22
46 29
61 31
77 14
23 22
6 16
17 41
72 17
44 10
46 14
22 4
3 44
45 49
23 47
26 3
29 14
78 30
57 36
50 29
3 37
27 6
48 23
41 15
82 48
50 31
61 35
8 5
12 22
57 19
29 7
18 11
8 41
4 14
32 1
17 39
16 46
68 2
29 13
3 38
45 45
41 28
20 15
8 29
73 27
41 24
26 28
17 43
72 49
64 36
57 49
33 12
82 34
17 47
59 43
46 4
29 30
54 28
37 29
29 24
77 1
50 38
29 35
82 13
57 33
46 42
62 30
40 13
59 15
27 39
58 7
23 16
64 33
42 22
26 32
13 1
57 10
26 20
20 25
37 39
17 34
23 23
12 42
46 35
7 45
73 40
70 13
58 3
22 46
77 41
77 12
75 13
11 5
41 42
61 10
70 17
1 19
1 30
48 25
8 6
44 27
29 46
17 14
22 6
27 31
16 27
46 6
38 34
63 8
2 20
41 34
18 1
82 23
17 48
75 31
70 34
22 11
68 38
41 3
54 19
17 33
82 32
57 42
29 42
42 8
32 38
14 8
41 8
20 40
47 15
2 28
82 49
7 19
13 48
40 30
47 34
13 45
26 16
3 2
17 9
76 15
43 4
20 21
37 2
45 29
26 44
16 44
27 40
42 9
45 1
27 12
46 43
39 28
48 20
47 3
26 28
7 40
7 11
28 39
46 22
23 46
72 29
60 25
17 23
3 32
17 32
5 13
3 34
45 19
82 19
42 35
80 33
46 47
29 25
7 18
27 18
22 35
47 23
26 2
19 45
32 10
29 49
14 9
9 28
3 28
8 35
27 43
36 30
1 34
29 12
20 32
47 25
8 3
29 16
78 42
16 17
27 1
14 26
42 35
77 28
7 8
68 29
16 47
82 23
52 30
27 49
17 8
3 30
45 31
78 21
46 3
29 34
42 48
32 7
82 45
31 17
20 32
69 35
46 23
46 2
27 42
27 42
31 21
82 27
8 15
17 19
69 43
46 49
23 36
5 7
55 27
9 36
26 29
41 14
40 14
59 16
43 48
82 42
82 7
38 24
77 7
12 33
20 38
26 49
32 38
16 17
67 10
77 46
5 41
46 6
39 42
17 6
80 26
29 9
17 11
31 27
77 29
67 4
42 31
42 22
82 2
82 36
23 8
80 48
19 31
50 44
12 46
77 38
20 28
68 33
2 37
5 16
7 34
12 9
29 23
27 16
0 35
49 46
62 28
77 7
22 4
77 23
65 19
57 14
42 43
27 45
47 41
46 47
22 3
29 18
65 3
32 10
58 48
82 6
28 7
41 19
46 16
77 25
21 7
41 14
68 17
26 49
61 17
22 20
26 6
27 3
23 8
7 15
68 13
20 14
57 11
82 42
47 36
71 38
47 15
27 45
17 45
14 34
71 15
3 21
57 15
73 24
65 3
61 31
16 43
43 35
29 16
20 30
70 27
22 46
41 45
61 20
27 2
39 16
57 31
26 5
45 33
3 21
27 34
39 39
82 39
42 14
17 33
13 44
23 46
27 43
29 3
29 44
67 15
4 17
67 34
61 23
7 42
32 36
71 25
3 16
36 19
20 14
78 31
41 29
72 33
16 37
69 7
47 39
69 24
77 2
9 32
19 35
45 21
18 30
26 42
82 39
37 13
54 31
8 2
6 39
18 32
29 2
70 37
77 11
41 29
75 30
20 25
5 1
50 45
42 10
78 33
46 38
4 39
27 40
4 42
82 23
13 14
22 27
13 24
76 12
60 41
8 46
77 19
23 17
54 9
46 41
77 18
39 39
82 34
82 26
27 41
43 22
52 8
27 45
52 12
22 6
68 24
55 26
3 35
45 42
64 38
68 48
82 33
17 39
77 36
84 22
70 10
12 41
26 19
20 29
79 17
17 21
67 16
48 47
77 42
47 21
37 46
31 35
64 15
41 10
67 28
9 49
20 10
22 34
46 42
29 1
82 37
59 24
17 7
59 30
37 20
82 6
44 40
74 12
45 19
1 48
27 14
17 48
82 41
77 23
27 48
71 47
14 10
46 34
17 11
54 7
2 5
41 25
46 7
17 43
7 5
23 14
77 26
46 33
29 22
78 42
82 16
46 1
42 7
77 20
8 13
58 4
27 33
29 43
16 26
54 21
71 36
42 36
20 26
7 14
5 20
5 15
9 31
61 46
50 13
39 19
74 18
76 19
7 7
40 44
22 8
64 41
27 26
0 11
72 18
58 28
23 26
60 43
69 36
47 11
77 19
73 4
20 17
18 18
58 49
26 9
61 34
65 13
54 5
54 25
26 20
20 12
41 31
42 31
32 2
59 47
82 9
19 28
5 28
18 36
46 38
75 18
14 1
26 23
42 42
75 34
40 29
82 14
61 19
71 30
27 13
7 23
62 39
42 2
82 9
76 22
8 31
18 34
46 33
75 2
27 19
69 26
29 4
46 30
4 29
8 27
78 20
29 15
9 11
29 39
77 11
46 14
14 10
33 24
26 34
19 35
82 39
68 26
65 16
37 20
46 33
82 7
57 12
43 30
82 14
33 5
42 1
57 5
80 48
20 36
12 32
7 43
82 26
82 27
27 25
29 24
43 16
40 14
41 11
26 23
50 37
61 20
49 2
41 25
43 10
60 34
45 33
57 33
77 19
69 31
14 16
54 27
69 24
27 40
7 31
17 32
59 35
45 13
16 23
42 9
82 16
47 37
67 14
37 44
23 28
32 37
8 41
82 18
23 44
27 16
32 40
77 7
41 42
67 34
45 32
57 12
77 17
68 15
67 32
3 27
4 5
5 34
3 7
22 9
29 1
16 44
63 33
45 38
80 8
46 49
65 44
29 12
31 2
46 43
46 2
82 30
50 17
65 27
45 38
63 31
17 27
12 24
77 35
13 41
58 49
31 48
43 42
82 29
82 47
72 16
55 28
77 14
41 39
47 19
68 20
82 35
70 2
27 20
16 14
16 4
47 42
59 43
59 14
9 36
77 10
77 20
78 23
8 43
82 33
10 7
45 15
54 10
46 15
60 19
39 20
82 12
27 25
1 33
77 48
6 24
77 35
78 21
32 26
16 14
47 6
36 20
29 1
61 32
71 10
55 48
7 19
77 38
80 46
82 24
77 22
26 18
42 45
14 4
61 8
48 12
82 32
26 30
39 25
73 35
19 15
64 6
59 29
23 23
46 12
44 49
4 26
60 21
27 16
9 35
57 21
18 24
29 31
14 49
17 34
26 35
54 13
69 15
28 15
26 18
77 41
47 19
12 18
20 38
7 14
32 16
5 48
29 32
27 39
78 14
60 7
27 34
37 20
28 38
43 31
18 11
82 2
57 8
44 8
16 1
18 38
27 8
57 30
42 37
77 49
72 21
46 4
75 35
47 36
7 5
68 33
14 46
3 45
44 9
32 32
43 16
29 8
26 41
8 31
19 12
26 31
10 31
57 47
74 30
59 38
12 47
70 11
68 22
77 38
71 29
26 2
82 38
26 22
46 42
16 32
41 27
82 10
1 18
72 9
77 12
41 49
13 37
77 28
77 1
77 23
80 24
77 7
42 43
31 32
72 41
58 41
47 27
17 39
57 46
22 14
19 10
42 8
27 22
32 40
59 27
36 29
54 12
17 21
29 29
72 18
57 47
59 30
73 21
15 21
26 1
28 42
27 5
46 27
29 47
47 14
8 49
9 31
41 34
16 10
64 28
64 44
67 9
61 47
74 9
7 35
45 17
57 25
45 10
65 19
8 20
41 34
37 1
63 42
41 41
17 7
22 32
67 35
45 46
23 29
77 21
80 25
33 14
3 24
26 19
46 14
41 30
20 39
14 15
46 5
68 19
27 10
68 29
17 25
58 9
17 40
28 20
77 40
75 44
48 10
6 20
45 45
7 4
64 36
77 40
46 30
46 4
37 46
26 43
43 21
17 16
3 12
42 46
41 9
67 1
50 36
46 28
44 19
57 11
46 11
18 32
58 13
37 36
17 44
64 6
68 29
44 1
41 39
63 3
40 19
35 22
63 32
32 48
3 43
0 16
69 18
77 7
64 41
14 38
46 5
1 1
17 26
19 34
1 13
6 6
31 7
80 7
42 7
69 49
5 27
43 45
27 17
18 39
57 48
57 19
60 43
23 15
61 46
7 43
77 28
57 36
73 33
41 17
41 1
29 30
54 6
20 17
41 29
27 4
29 2
14 38
2 33
7 49
23 17
60 1
68 20
30 37
77 4
23 11
75 23
8 42
57 19
17 39
29 14
27 17
78 10
74 7
29 49
31 13
13 28
37 35
37 36
57 33
26 20
68 16
45 43
60 23
47 5
54 32
82 12
41 40
52 28
77 16
27 23
82 27
16 49
45 15
80 8
13 3
47 43
17 24
36 3
21 11
17 6
27 12
44 2
54 10
65 1
46 8
7 28
42 20
49 27
46 27
41 42
29 38
5 35
22 44
77 20
29 19
54 17
29 23
64 32
45 19
67 26
32 45
58 33
41 7
60 23
57 27
17 14
23 14
62 13
17 33
43 27
41 47
8 49
26 22
47 48
82 1
13 2
78 28
68 4
8 36
17 38
59 11
28 7
21 18
61 19
68 34
82 39
1 41
82 17
3 28
45 20
79 22
68 37
68 21
46 21
43 11
29 4
42 25
13 3
69 29
77 30
8 46
26 21
45 12
49 37
72 15
23 7
29 33
49 3
31 49
5 3
74 21
61 17
20 43
68 10
0 36
2 26
42 37
12 2
47 26
71 47
16 39
45 33
47 11
31 23
77 42
6 32
71 30
13 7
18 26
82 47
57 16
84 28
28 10
3 44
82 1
68 46
31 8
29 19
7 8
7 47
40 14
23 11
31 46
27 26
71 19
32 28
29 3
82 27
7 1
42 23
39 49
82 5
18 3
29 33
82 18
60 40
20 26
1 12
1 46
58 25
8 44
41 25
68 43
46 37
67 10
27 5
78 31
27 45
18 5
45 10
17 47
71 15
29 24
32 31
54 1
41 19
2 9
76 45
27 9
42 28
32 15
46 48
72 40
39 8
17 34
46 22
1 19
77 7
3 9
22 7
82 36
41 8
71 22
18 6
41 18
54 47
54 19
82 22
27 30
27 9
26 44
60 25
75 2
46 7
58 44
46 4
50 22
61 17
54 8
82 7
8 40
57 37
22 17
26 34
27 26
77 41
73 20
26 23
7 45
22 15
77 32
61 13
26 21
78 29
13 26
46 27
44 6
67 8
8 46
46 40
58 16
41 33
82 35
41 6
20 2
60 20
18 9
47 42
69 28
60 4
3 36
60 48
17 3
20 26
23 12
77 5
82 5
26 16
29 4
32 43
50 24
45 28
2 38
14 33
68 26
69 32
72 38
49 4
68 1
46 18
17 38
68 23
77 14
29 48
8 16
47 9
28 48
12 20
31 45
76 23
57 6
13 8
42 21
20 9
18 5
26 33
29 6
40 46
68 32
26 15
36 26
64 22
26 4
42 4
82 49
17 16
69 13
77 29
20 27
6 44
57 27
69 33
7 26
27 2
14 32
57 41
46 12
46 45
42 19
77 10
18 25
17 47
43 13
27 20
78 39
79 7
59 8
44 24
13 6
73 20
41 27
27 34
60 4
68 7
8 16
23 45
31 39
3 11
49 5
67 17
42 36
82 42
20 3
31 6
27 29
8 29
2 13
17 9
72 31
19 32
14 23
4 43
18 21
29 49
45 24
77 31
58 38
82 8
43 34
17 46
77 27
61 48
16 48
71 15
82 46
29 42
67 8
3 22
77 47
23 2
60 21
49 35
46 20
59 31
77 8
58 23
5 14
7 46
29 35
54 18
40 48
14 42
82 34
57 42
4 10
27 15
7 11
32 14
12 36
41 21
2 40
69 17
43 26
6 40
9 39
20 10
45 16
77 37
13 41
9 8
19 45
69 35
73 24
72 5
8 32
46 26
39 14
4 6
20 22
20 34
8 38
26 24
23 35
27 29
82 1
71 10
20 42
60 19
32 45
50 9
82 43
17 39
17 30
29 29
17 44
19 21
77 49
14 33
31 30
22 10
74 19
8 4
8 12
70 44
69 22
20 5
1 34
73 48
77 35
57 46
23 25
46 24
73 30
11 24
59 35
20 8
80 1
37 10
58 40
58 26
61 39
8 1
33 41
58 29
69 14
77 14
60 10
27 2
7 49
17 49
22 47
7 36
64 45
67 15
20 11
8 32
20 48
23 38
6 29
20 7
64 29
77 11
46 27
40 13
8 6
77 4
8 42
71 44
29 8
71 26
61 22
27 36
35 28
26 20
50 4
32 22
20 45
22 37
16 12
60 32
37 29
9 24
73 49
29 30
46 49
60 17
33 8
65 35
26 18
3 38
42 43
82 20
77 5
71 20
18 28
17 30
4 43
75 46
41 8
77 32
17 17
39 40
17 40
69 40
8 47
27 23
40 30
82 7
29 11
27 37
59 17
17 26
29 9
49 40
82 18
61 27
23 49
42 19
3 14
22 24
46 33
7 11
21 32
6 37
54 35
20 39
9 23
47 33
59 34
59 22
46 48
27 25
42 3
23 30
23 12
29 13
69 10
82 27
12 44
37 35
43 15
29 5
27 16
7 39
57 14
20 30
77 4
57 16
80 6
69 26
47 5
0 41
26 7
26 42
55 15
32 43
47 46
39 12
42 38
54 8
33 15
54 47
60 29
44 48
12 35
7 23
70 16
49 10
12 25
17 23
26 22
47 13
82 16
22 15
29 34
47 8
26 14
77 28
22 47
41 43
41 10
3 15
65 36
72 13
9 1
5 2
7 42
42 46
45 40
78 14
61 3
82 19
8 7
17 21
67 43
18 14
82 44
82 31
46 46
41 23
37 28
41 11
13 43
26 27
77 46
77 24
8 34
26 34
3 11
69 24
72 44
18 21
57 20
68 40
47 47
44 28
41 24
69 5
42 45
32 30
6 12
60 6
46 10
23 41
9 38
18 13
70 36
20 5
49 40
37 40
27 18
13 40
22 46
27 41
70 8
16 13
18 7
17 21
29 33
72 35
54 1
47 2
1 25
67 18
44 12
19 31
46 24
31 30
17 19
27 24
32 24
82 48
29 22
9 25
78 36
22 28
77 11
17 2
73 9
41 26
5 36
78 7
71 35
82 12
67 36
73 5
78 17
27 5
82 9
77 36
82 4
82 26
23 4
64 5
49 49
61 25
46 45
27 43
17 31
57 14
20 4
44 10
64 48
36 23
28 45
73 26
8 7
40 17
17 22
37 1
23 6
18 40
7 21
57 24
32 36
37 40
77 30
42 30
54 14
71 46
0 31
2 17
43 39
8 31
69 1
31 3
32 11
8 13
41 37
71 47
41 21
73 35
76 47
5 32
68 33
50 38
31 13
57 38
20 46
69 17
36 42
31 26
37 8
77 36
43 35
58 20
7 9
41 43
78 48
27 15
41 41
58 6
76 12
76 38
17 9
82 38
13 6
26 5
58 37
29 30
52 34
13 27
29 30
54 17
16 48
72 24
82 22
40 2
4 18
37 18
10 14
27 24
41 34
77 8
32 2
27 38
58 32
82 15
82 7
27 30
82 43
57 28
12 15
49 32
27 14
6 37
7 12
29 6
4 35
17 35
64 28
23 2
69 33
44 45
58 32
55 31
60 2
61 45
27 2
23 46
41 9
67 27
3 21
35 41
22 45
67 31
29 18
77 7
26 33
16 41
28 3
43 23
77 45
31 1
40 15
82 26
31 32
57 18
26 27
12 3
54 12
1 8
44 13
41 29
64 43
47 35
72 12
46 6
20 15
26 36
47 47
46 15
43 47
7 8
41 18
16 18
77 23
42 1
8 33
42 14
27 20
78 18
75 47
82 5
33 39
48 25
54 10
31 6
49 33
26 45
54 24
7 10
17 22
31 19
22 7
23 5
42 25
60 17
78 22
42 38
8 34
44 34
49 30
27 4
13 5
57 42
33 3
23 16
39 16
37 16
82 24
48 49
59 9
3 6
45 38
29 6
20 17
31 18
8 14
82 23
75 34
61 48
29 37
29 2
32 41
80 11
54 48
12 19
20 31
63 2
72 13
27 2
37 28
52 45
26 45
27 27
64 14
13 8
8 35
68 39
7 4
45 25
5 28
61 7
18 29
82 23
69 4
27 28
27 22
47 37
61 33
0 36
77 19
69 42
30 14
1 15
72 6
5 12
52 35
19 45
78 6
26 16
8 16
16 49
77 49
19 4
3 5
59 36
6 38
13 11
28 49
23 12
49 47
77 31
29 17
73 47
46 30
41 47
26 38
60 9
29 19
67 10
68 16
29 11
54 18
20 1
12 29
8 27
17 30
71 24
19 47
9 40
41 6
6 11
29 8
31 37
58 30
69 12
1 24
32 45
8 22
68 25
31 48
22 16
39 22
64 43
77 40
32 27
41 31
17 4
82 22
38 36
82 8
71 17
77 15
46 26
68 48
71 20
7 48
27 17
27 1
41 40
64 21
9 30
7 2
13 12
27 5
68 32
27 13
27 7
74 48
68 25
46 19
73 42
39 10
20 2
82 6
73 2
29 32
82 44
31 30
82 6
16 19
26 16
73 15
58 46
82 12
54 34
65 28
7 28
82 43
6 38
12 46
22 1
82 4
31 29
29 21
44 16
46 17
3 12
20 1
37 25
31 40
29 47
26 26
17 36
64 35
49 42
19 24
76 22
61 3
58 8
46 26
27 24
37 18
16 42
78 48
20 18
7 46
18 14
54 1
50 45
82 15
57 8
61 27
3 5
61 7
77 5
61 42
46 22
29 28
28 29
49 16
46 9
44 14
18 49
72 39
46 34
47 3
17 12
20 20
57 21
47 39
68 45
20 41
13 49
16 40
72 3
40 6
82 31
82 42
72 16
45 41
72 42
40 18
18 30
22 34
50 35
29 33
46 32
40 43
68 41
72 13
40 34
39 5
50 19
57 28
64 45
22 15
16 32
72 27
82 5
29 40
14 39
48 36
47 48
70 18
32 42
72 16
68 11
60 24
12 1
47 37
27 26
65 8
50 19
1 19
1 37
54 41
33 32
19 37
32 3
8 44
82 34
58 49
32 39
61 9
31 30
71 41
68 49
17 43
73 20
42 45
69 27
42 21
59 36
32 23
3 23
32 21
50 35
9 3
7 7
41 18
82 18
16 24
42 37
13 11
64 24
57 26
32 7
58 2
2 19
47 46
27 26
47 29
23 49
69 45
77 44
28 34
1 27
12 41
20 24
14 6
5 31
57 5
71 4
3 36
7 4
27 35
37 48
8 34
82 38
67 22
18 6
72 2
70 31
41 19
26 17
58 33
8 5
17 38
63 1
13 38
29 22
44 35
16 45
3 45
20 29
78 12
8 26
7 36
4 6
37 8
48 38
22 22
31 14
45 37
43 16
82 42
14 4
18 14
52 28
12 36
37 23
71 10
29 11
54 18
41 1
23 49
17 3
17 19
17 15
29 35
22 22
8 27
48 25
31 8
27 19
74 38
82 48
29 10
58 14
9 49
26 18
41 37
27 1
35 31
18 31
65 18
26 13
27 10
73 41
18 33
77 23
46 3
23 10
41 8
29 37
77 11
32 29
29 27
73 33
27 2
73 3
82 30
7 4
71 47
46 14
82 22
32 32
43 20
41 42
9 28
29 32
82 19
7 15
29 26
64 19
68 26
18 21
17 35
39 2
46 47
13 46
43 16
65 19
41 37
27 13
1 47
82 13
32 38
4 9
77 3
29 32
60 11
76 25
54 34
63 2
27 13
70 47
77 37
17 31
77 6
46 32
82 25
12 38
60 34
29 20
27 40
52 24
20 14
12 43
82 40
41 19
64 12
64 49
57 23
29 41
20 5
12 28
26 4
17 10
46 8
58 30
29 17
82 39
79 20
44 19
41 38
82 21
20 17
54 6
17 4
69 38
41 4
9 10
40 46
47 36
57 28
77 36
17 20
77 20
41 31
23 12
17 26
29 37
76 41
41 22
0 16
7 17
8 19
37 15
71 27
22 5
41 29
65 49
6 38
82 1
76 9
71 4
75 20
26 4
8 14
37 19
4 19
82 38
12 36
26 45
13 15
45 41
29 47
17 25
20 4
18 33
29 19
61 31
46 43
46 7
82 39
14 12
28 43
65 31
13 17
26 8
67 38
46 27
52 38
78 29
29 43
82 30
42 10
17 47
17 9
22 31
45 6
43 44
57 41
14 19
46 33
17 19
20 1
48 27
82 26
82 27
57 46
72 44
1 40
42 26
46 20
27 29
15 48
57 5
6 7
76 24
20 21
31 39
29 33
4 26
8 38
22 49
77 11
27 15
67 22
69 17
7 49
14 5
29 27
29 17
67 2
26 49
16 29
12 19
76 37
3 46
27 48
9 49
77 7
14 31
39 17
64 39
37 29
6 27
46 35
55 47
26 12
28 26
20 49
42 26
58 2
60 11
45 19
39 36
54 21
17 44
1 1
3 44
32 32
42 15
82 1
42 33
61 10
73 18
60 33
41 48
45 30
31 13
32 34
55 1
78 12
38 16
43 17
54 27
45 29
16 46
42 48
42 44
67 40
46 28
72 36
4 30
45 47
26 23
64 39
46 30
64 33
22 1
0 7
67 31
82 11
13 10
27 15
23 37
3 2
28 22
5 43
8 47
6 47
29 49
39 12
48 11
44 33
18 1
16 27
60 28
13 37
3 43
16 13
20 6
70 22
55 44
28 41
31 3
75 25
69 42
43 28
68 23
69 21
72 46
42 38
39 47
19 36
42 27
61 27
82 25
39 22
8 17
72 5
59 4
1 41
37 1
3 32
42 20
32 9
8 2
82 2
40 30
41 1
41 35
77 32
3 2
44 17
64 41
65 7
31 41
82 3
23 2
23 11
27 16
74 15
64 41
24 45
76 14
33 35
39 13
29 43
10 10
72 24
29 16
72 38
13 27
16 20
8 7
57 7
41 48
62 6
32 46
75 22
80 9
67 21
27 39
45 1
29 12
47 15
37 24
46 13
68 36
41 23
22 4
46 32
23 44
29 20
60 12
9 46
8 36
46 24
61 32
8 32
20 42
22 45
37 21
37 3
46 40
8 14
50 1
58 42
44 36
54 9
47 13
17 20
26 48
82 14
52 22
77 36
64 21
46 48
61 13
42 31
58 8
27 10
0 18
17 38
47 24
44 7
18 20
55 1
7 33
41 49
13 44
42 44
77 47
12 45
3 24
39 17
23 35
59 2
12 29
17 5
42 37
4 7
17 43
20 9
77 18
57 6
27 20
77 40
50 7
26 2
46 5
12 12
17 42
40 33
71 24
17 49
77 14
41 18
28 24
3 48
17 7
8 12
12 47
38 19
59 21
71 3
20 10
41 33
26 16
29 32
42 20
17 10
8 49
27 49
3 36
64 26
14 49
32 3
41 26
54 26
46 6
82 33
50 26
82 33
61 46
22 32
3 42
26 24
57 15
7 48
57 30
15 29
16 37
59 26
60 26
1 10
31 19
19 39
26 2
47 10
29 34
40 16
58 20
12 36
18 20
26 39
26 6
7 21
46 44
41 32
5 1
36 27
72 17
27 5
2 21
16 27
8 5
64 47
36 29
82 32
82 2
5 26
9 9
37 27
72 34
26 32
82 20
64 13
26 8
74 4
50 47
20 32
42 44
8 38
1 7
42 47
40 10
46 8
22 41
29 37
27 43
47 14
20 1
26 15
27 31
54 19
13 14
82 33
41 10
8 34
42 13
15 45
58 49
18 34
72 44
35 40
26 43
82 23
64 3
32 29
27 49
60 14
4 5
44 13
73 5
14 33
60 2
7 4
54 5
73 22
77 44
60 6
64 2
26 20
60 16
29 27
37 3
20 39
68 32
5 42
26 13
29 18
68 12
7 20
76 5
44 31
68 5
69 23
46 33
70 16
13 28
1 22
64 35
37 7
23 43
42 12
75 44
3 16
68 24
19 45
77 12
77 9
20 5
23 22
57 37
77 44
7 24
76 26
77 44
77 6
82 19
29 20
77 20
82 25
72 32
77 36
12 10
77 28
61 47
82 43
45 36
39 13
27 16
57 18
29 20
57 23
50 40
48 49
22 45
57 44
41 20
45 17
61 21
18 36
16 14
17 7
64 11
76 35
20 44
17 31
46 38
39 33
82 14
7 43
42 48
9 4
82 4
3 42
27 49
41 42
58 39
59 48
37 24
32 5
12 16
29 13
26 19
20 11
47 15
77 23
7 36
50 42
26 40
27 3
12 21
46 7
23 27
2 4
27 42
32 38
17 1
29 16
61 17
42 24
8 36
82 46
26 28
22 37
82 33
67 44
57 22
45 16
82 19
29 8
40 24
22 33
43 10
18 5
17 5
64 27
41 5
2 23
7 48
17 26
82 13
17 22
58 5
45 39
46 6
23 25
68 42
60 31
77 48
77 45
46 27
72 22
82 16
14 1
82 49
52 42
1 38
77 4
33 44
41 21
27 38
18 36
12 44
17 17
82 44
46 3
67 8
64 28
71 9
29 8
54 16
67 24
23 48
2 34
20 15
8 33
29 33
29 40
78 27
4 0
4 44
57 4
27 15
0 16
41 8
8 17
22 39
61 49
57 7
39 11
55 35
18 11
18 34
59 22
41 40
16 31
68 18
19 46
57 5
68 8
17 36
8 49
36 48
60 31
60 9
77 31
61 25
29 45
46 42
42 49
58 33
4 14
7 31
0 47
7 28
17 48
54 4
29 31
16 17
54 29
12 35
17 29
82 20
77 45
26 21
26 8
60 9
12 5
61 17
73 8
32 30
78 45
3 1
60 16
67 36
26 4
28 47
22 23
67 48
39 2
26 44
17 18
61 6
82 25
31 29
65 25
7 33
42 8
29 43
21 46
57 7
63 10
12 9
20 6
46 21
27 7
82 35
45 23
69 1
68 24
67 17
29 32
72 27
12 28
46 20
12 29
71 43
64 42
82 27
47 1
43 19
3 47
27 11
64 17
77 9
23 16
54 5
29 30
44 40
26 11
11 47
77 45
23 25
17 30
33 20
28 10
65 39
42 5
54 48
7 28
42 1
29 14
32 28
77 40
16 32
27 36
9 34
71 18
61 38
54 39
8 9
17 28
68 15
20 38
46 26
13 44
61 48
27 46
72 1
45 48
20 38
46 19
19 1
61 29
80 21
27 21
36 21
57 12
77 20
82 49
45 3
36 19
31 10
39 24
22 33
6 45
49 11
5 7
27 34
3 35
45 2
7 14
18 14
58 48
29 36
77 19
58 8
58 37
31 1
3 19
50 19
4 9
14 18
59 43
20 26
38 32
27 36
71 29
77 33
72 20
22 11
8 28
27 37
79 3
27 20
42 26
49 11
50 8
18 2
37 33
29 38
48 49
82 21
45 47
49 28
71 45
46 24
45 44
23 18
44 16
38 10
41 7
47 49
3 9
60 36
41 20
20 26
12 29
77 27
28 43
77 34
17 24
29 32
27 40
58 46
46 32
61 24
16 44
37 6
26 42
32 4
58 39
78 5
47 23
82 3
22 14
57 46
77 5
77 20
82 12
26 43
8 35
16 4
72 9
29 48
19 31
16 40
71 17
19 5
72 21
46 7
70 12
8 29
23 35
20 24
29 3
37 26
73 36
60 15
72 2
72 5
57 24
47 18
8 44
27 33
57 2
42 34
17 27
29 44
82 17
23 47
82 19
48 35
3 25
31 13
5 9
42 48
13 26
29 33
35 34
45 30
60 27
24 30
28 42
29 34
8 16
7 38
82 17
77 11
17 4
1 29
82 42
41 14
18 47
82 22
78 34
41 22
61 6
3 17
44 48
61 24
58 38
78 22
18 11
3 43
77 18
49 35
16 33
47 27
19 23
45 16
65 19
72 1
38 22
60 47
60 47
5 20
80 33
27 9
82 2
77 8
77 37
14 15
77 45
46 8
18 6
36 8
75 15
33 39
32 8
39 12
20 27
16 27
16 7
73 40
23 1
4 35
29 40
33 39
47 21
33 40
71 36
77 16
67 37
47 30
69 42
27 40
60 45
14 44
45 24
7 43
26 25
41 28
39 18
16 34
46 12
77 44
23 28
59 38
29 47
64 27
41 6
28 18
57 11
79 30
33 48
46 38
68 39
37 8
41 49
7 23
31 45
61 14
35 28
5 6
33 6
64 36
82 35
29 1
82 3
18 7
82 38
20 6
17 21
12 8
52 42
64 8
32 26
20 38
41 40
65 1
45 11
19 24
3 29
20 2
37 11
26 20
82 16
72 31
72 2
78 7
22 15
26 36
18 48
80 40
59 31
12 30
1 40
43 17
45 27
6 45
23 47
43 18
32 33
54 49
4 4
46 30
3 11
13 39
8 30
27 34
80 19
59 8
23 40
62 13
77 44
57 23
30 41
17 30
26 37
12 26
9 48
29 15
58 8
13 46
77 25
26 2
48 13
82 2
62 49
68 42
8 2
22 13
77 21
49 21
47 10
8 32
9 10
41 46
27 43
27 1
23 13
6 31
77 2
68 22
45 26
0 8
23 16
77 39
42 41
23 15
76 39
23 42
18 17
13 20
57 29
72 18
73 42
61 36
41 30
80 44
82 26
42 47
3 2
20 7
13 15
47 42
72 7
17 42
82 23
23 48
31 9
37 44
9 41
77 22
82 12
32 36
57 14
46 41
61 22
76 38
17 40
77 31
33 39
23 37
71 25
69 45
64 21
55 48
77 9
16 36
82 36
82 14
28 27
17 11
41 26
41 11
49 28
8 43
68 44
23 12
18 47
69 33
44 37
82 44
23 33
48 14
40 36
82 48
12 4
29 20
61 1
8 22
41 49
77 6
32 12
46 14
11 9
17 32
20 24
59 9
78 2
68 48
32 18
16 12
71 34
43 30
17 34
27 3
68 32
40 6
16 41
39 13
77 31
44 48
77 15
17 49
45 45
38 46
23 21
72 26
0 47
41 20
78 31
77 2
54 15
82 15
39 12
4 24
37 41
1 24
60 48
39 42
26 20
64 34
42 17
18 3
77 6
12 7
41 26
82 42
82 49
29 48
27 32
58 32
52 21
77 1
77 16
58 45
76 4
42 13
60 46
47 19
46 41
77 21
26 14
45 12
58 47
58 15
67 43
73 14
60 2
23 10
46 24
27 1
37 43
68 49
32 21
77 48
57 12
22 33
27 3
77 48
46 21
17 14
58 48
0 42
68 23
77 18
41 47
23 7
12 8
23 3
23 39
29 40
71 36
82 27
65 10
71 42
12 5
72 45
20 29
43 35
61 29
22 45
82 43
60 47
22 48
27 18
27 24
77 31
42 10
37 35
75 9
27 29
27 17
47 3
58 30
57 46
31 16
49 14
32 11
35 49
22 5
76 27
32 28
57 45
20 21
64 31
57 32
27 35
23 25
26 26
0 38
44 39
27 39
3 25
38 19
29 49
27 42
44 33
72 14
82 22
59 39
27 4
27 17
20 26
77 43
29 36
46 30
82 45
29 33
37 32
60 14
71 27
82 25
20 41
22 43
39 34
60 30
60 37
40 25
65 38
70 4
45 24
18 41
76 12
27 36
5 36
32 39
17 2
69 43
8 41
6 13
41 18
46 23
60 10
13 38
67 45
67 14
46 2
48 12
3 1
27 2
28 41
17 11
58 15
57 21
17 9
27 35
22 3
77 11
44 48
82 4
80 41
47 21
40 14
68 47
60 20
45 4
13 24
58 36
64 49
17 43
33 23
60 43
58 43
17 9
27 26
77 27
77 6
18 48
18 25
23 14
26 42
1 47
29 21
47 28
27 40
40 9
57 31
26 15
31 34
3 40
17 35
57 36
7 38
72 28
60 49
7 28
22 22
64 46
64 29
44 12
43 33
67 25
29 5
73 14
73 3
17 2
58 9
17 23
9 24
29 15
8 40
32 10
26 42
27 39
17 8
68 18
29 37
16 8
7 13
71 23
17 31
7 37
60 3
32 20
71 37
28 14
78 32
46 29
8 45
4 38
46 45
12 5
39 8
82 35
59 3
23 20
77 26
72 2
41 27
82 9
39 15
37 36
61 49
28 32
18 8
60 18
72 7
69 17
13 30
23 7
71 27
37 10
26 11
26 25
46 4
55 40
16 44
80 1
26 24
8 6
22 35
78 36
67 39
29 3
48 46
77 17
77 16
20 43
27 18
16 14
82 39
64 14
13 30
50 24
72 13
17 22
41 49
8 49
72 4
22 27
65 39
32 4
45 8
14 10
78 26
68 32
75 8
31 43
40 28
55 5
42 10
46 43
48 45
8 3
45 1
43 1
29 22
82 39
42 45
45 34
50 37
82 49
82 13
77 20
82 31
3 38
59 37
4 17
42 40
13 14
3 48
18 30
59 36
76 24
27 45
36 33
78 11
20 10
72 22
70 35
46 10
43 1
8 4
17 35
28 2
19 44
76 14
26 25
69 27
27 48
16 16
39 14
20 40
31 47
71 4
23 1
39 39
72 7
14 2
40 19
8 10
60 7
7 47
41 14
9 6
0 36
39 15
23 8
54 7
8 18
37 23
78 19
12 28
23 23
78 40
27 40
3 31
16 17
13 36
44 12
41 31
46 18
43 33
61 7
72 49
69 18
78 1
37 44
82 31
80 37
79 38
17 17
20 48
5 20
44 11
32 41
23 6
18 6
31 35
29 48
69 5
29 23
19 13
45 9
36 14
17 16
49 13
3 24
71 19
60 12
31 47
17 34
52 39
57 6
28 11
37 29
44 11
49 11
60 39
42 40
46 45
63 7
46 12
27 1
37 49
71 27
0 3
13 27
77 33
26 17
77 2
8 29
47 31
16 27
47 9
82 26
26 20
27 34
27 39
82 49
47 9
19 34
82 7
19 38
64 38
2 1
82 28
27 39
27 39
59 22
39 48
27 21
2 45
42 26
82 14
61 29
39 46
16 34
29 36
9 39
45 27
29 26
3 38
27 36
28 45
37 25
28 11
47 40
77 26
28 18
82 34
20 2
80 28
29 31
45 24
44 30
24 6
37 16
82 43
45 28
64 17
77 22
60 42
41 28
65 45
54 48
1 2
4 17
37 36
8 16
64 9
12 6
18 43
29 10
41 34
43 44
27 28
0 42
19 40
54 9
3 26
32 47
0 2
46 1
58 7
67 32
58 9
27 32
38 25
20 27
48 9
47 10
48 33
20 44
29 21
82 4
6 37
58 40
73 13
78 7
4 19
82 21
18 49
76 11
20 35
82 15
18 29
60 19
58 34
71 46
3 33
32 42
57 25
77 28
27 6
82 28
82 42
3 13
40 2
72 12
18 38
57 42
47 14
82 28
27 44
38 18
62 22
6 34
20 18
82 49
47 20
69 45
45 8
77 16
60 26
82 42
27 10
36 44
22 11
77 45
45 27
82 21
72 43
65 26
18 16
65 6
44 25
29 37
48 31
41 48
31 49
52 15
21 21
77 16
28 11
47 15
54 32
82 20
27 37
60 32
82 10
49 7
14 11
77 6
7 16
15 31
49 48
71 13
67 11
65 44
37 20
16 3
77 1
77 18
29 48
71 6
41 13
22 21
71 15
62 9
38 7
77 13
3 37
82 7
71 39
12 16
82 30
47 4
17 14
82 6
82 39
77 38
1 20
20 48
32 7
32 10
27 12
78 32
27 13
27 11
43 38
45 26
44 15
54 37
44 45
67 10
27 43
61 49
18 34
29 24
58 31
13 19
17 20
4 18
64 44
40 47
77 46
50 44
44 10
42 20
57 24
41 17
3 24
32 33
42 18
6 4
59 44
5 40
1 19
40 15
77 14
68 45
76 30
8 1
47 30
18 15
42 27
77 29
67 14
43 38
72 46
14 7
67 46
1 20
46 48
41 22
37 17
47 25
65 35
61 4
82 21
46 15
44 39
7 16
61 1
46 29
42 19
12 8
59 22
71 14
17 25
76 37
82 37
17 49
5 11
1 12
4 18
33 44
41 19
26 39
8 14
31 14
68 7
42 47
26 21
38 12
14 43
77 13
27 22
27 20
73 33
8 39
11 24
82 8
14 46
0 8
9 2
77 46
28 25
67 4
59 18
82 46
4 47
27 13
68 4
76 47
7 13
9 41
65 18
55 32
72 46
12 27
23 37
74 32
78 39
26 38
32 1
7 35
29 8
57 5
26 21
6 4
22 21
22 8
20 27
54 10
17 40
74 32
1 27
22 4
44 46
32 17
82 21
7 16
60 35
42 17
23 33
77 36
77 5
45 41
31 18
22 8
7 14
39 9
29 15
4 19
15 3
41 34
27 10
26 32
55 32
64 16
0 24
49 48
77 8
9 30
22 13
26 41
4 35
41 24
57 18
61 40
20 16
80 48
64 31
74 24
72 2
39 26
23 5
24 46
41 28
39 16
27 27
30 24
19 14
70 28
23 14
61 22
20 17
47 21
37 14
14 44
26 37
75 7
75 3
30 23
22 47
10 39
82 8
29 15
69 14
82 4
82 40
27 32
38 13
47 7
82 7
13 3
49 9
45 8
41 13
72 14
9 14
13 1
16 27
42 28
78 22
4 37
50 23
82 49
67 33
8 26
49 24
29 10
22 4
17 34
3 19
43 27
36 19
45 38
58 28
8 20
46 37
77 44
47 33
67 49
27 8
29 36
73 32
13 3
13 21
27 19
17 42
23 8
82 17
45 13
82 28
69 20
37 19
5 29
27 3
3 10
16 42
17 40
29 33
16 48
71 25
7 2
82 10
29 18
77 25
41 6
5 31
45 22
57 35
47 27
44 36
27 45
46 39
68 12
77 1
23 33
54 29
71 13
11 48
58 49
50 2
82 12
41 29
31 49
1 42
3 29
17 37
43 40
44 10
79 32
68 19
35 46
71 2
17 17
82 10
23 26
32 30
58 44
72 28
20 16
61 10
72 15
48 19
27 4
56 18
18 34
59 25
39 5
17 36
8 45
78 47
47 10
39 20
22 46
1 33
74 33
57 18
8 22
28 45
82 20
57 26
14 5
64 26
77 45
27 38
82 10
60 6
77 41
71 48
8 39
7 4
27 10
46 23
77 37
22 44
41 24
77 12
7 12
8 45
46 31
7 42
82 24
26 15
49 24
17 15
42 26
23 17
36 5
3 30
41 30
8 28
4 45
46 31
22 6
33 42
23 25
41 3
20 24
23 41
46 15
8 20
46 49
23 48
41 40
46 34
27 31
29 21
47 24
18 33
75 19
68 44
65 41
76 8
77 38
54 12
82 8
17 20
45 3
3 41
10 15
22 46
44 39
23 14
58 23
23 35
31 6
47 8
58 20
82 4
23 32
46 29
29 2
29 7
26 36
82 40
35 13
36 39
14 22
3 10
7 33
2 25
65 48
37 23
41 40
72 49
26 37
80 14
57 48
32 46
32 27
40 21
61 32
1 20
47 15
8 23
41 38
7 46
21 22
7 36
50 39
2 2
29 22
16 29
57 31
78 8
60 3
3 16
6 29
28 39
12 19
8 30
60 37
16 24
23 9
22 11
9 15
19 32
1 2
68 49
18 43
13 45
72 11
27 8
69 28
13 14
71 46
8 20
59 33
13 18
17 41
17 28
19 17
82 14
16 39
37 6
77 23
82 19
40 2
17 2
42 45
64 28
44 10
78 36
42 21
60 27
8 20
75 13
33 36
45 21
70 21
52 10
8 17
23 17
82 15
44 12
20 4
68 3
48 25
27 32
75 32
82 40
17 25
37 33
38 5
27 41
26 42
78 26
57 22
1 2
68 36
41 6
2 42
17 27
17 25
27 42
58 3
77 49
26 41
8 6
17 22
27 4
44 41
68 29
72 40
29 35
16 19
64 24
80 16
69 38
27 39
16 47
23 30
49 40
50 49
27 30
77 40
82 29
60 12
82 49
6 5
46 17
77 17
7 28
80 15
44 40
16 14
19 19
9 44
18 35
54 1
23 40
39 20
54 18
22 28
72 16
59 22
18 1
68 45
64 25
40 17
20 27
12 36
19 43
27 1
60 31
19 31
22 44
77 20
71 35
83 40
57 32
32 38
46 15
14 29
61 16
41 31
70 37
82 33
13 32
19 38
23 20
77 48
7 38
4 10
29 49
18 6
45 12
5 17
59 21
65 8
40 7
73 23
43 27
68 46
19 10
77 43
27 36
77 31
64 31
59 16
52 16
69 2
31 38
7 32
17 22
49 49
64 40
77 2
77 13
12 5
68 24
69 12
16 27
42 27
29 39
77 3
12 27
67 9
7 35
27 2
67 49
82 2
82 23
38 34
80 37
3 44
42 11
64 12
18 41
14 15
35 46
49 24
22 48
4 14
7 10
77 10
47 25
20 28
71 37
70 18
70 48
45 3
49 4
39 34
39 24
40 5
38 21
47 40
43 39
14 7
77 37
82 44
60 8
67 16
26 11
38 12
39 41
29 32
60 18
22 2
36 23
30 8
8 21
16 4
72 47
46 22
47 8
46 7
82 6
37 7
32 38
58 40
82 30
3 38
30 13
7 2
18 6
6 19
47 47
61 18
43 6
38 22
82 1
82 47
72 13
29 40
77 16
60 26
16 10
52 17
26 37
45 25
17 12
82 26
76 6
26 39
65 7
29 32
33 2
73 16
54 29
61 26
29 44
77 13
33 27
80 45
19 35
68 20
60 39
49 4
60 42
40 34
4 32
54 34
5 31
22 14
37 44
52 39
17 8
16 37
49 27
29 29
14 46
28 19
19 11
7 10
6 35
8 23
77 23
20 37
46 2
46 3
67 46
27 35
23 36
27 12
52 25
80 35
14 16
31 46
27 11
57 3
2 41
17 5
46 34
46 7
50 45
1 31
42 39
58 8
22 39
68 9
68 18
49 31
6 36
37 16
78 8
5 7
43 5
19 12
23 30
63 15
45 40
72 24
65 14
31 12
38 17
37 40
46 32
40 49
73 4
39 14
29 13
75 34
41 40
71 4
13 13
77 7
32 22
63 8
71 30
74 4
77 47
11 17
4 13
47 39
54 4
58 43
3 5
18 45
27 20
11 33
9 48
37 17
29 46
29 2
41 3
77 21
26 46
12 24
26 11
67 35
77 42
64 25
47 15
10 42
14 31
67 43
12 1
20 28
58 35
47 37
73 18
26 1
27 41
77 25
7 34
82 14
17 15
61 46
27 7
18 44
39 3
38 16
58 38
71 41
82 20
20 32
17 41
11 43
28 10
68 4
54 44
12 43
18 39
6 32
18 35
37 25
47 23
41 20
60 41
40 24
82 10
41 21
27 38
3 11
57 37
42 5
41 39
82 43
18 34
44 21
47 22
72 12
23 6
4 27
57 36
26 28
68 41
61 21
14 13
57 13
45 10
7 44
54 37
40 32
48 26
43 11
18 42
20 42
29 26
32 13
37 1
44 48
57 9
46 3
82 11
77 48
48 44
20 22
43 47
82 13
44 26
7 14
47 41
14 48
18 3
29 9
65 24
39 39
82 25
47 16
76 15
58 19
74 4
70 46
27 30
77 47
46 22
40 40
58 46
82 12
68 24
17 31
71 31
18 3
78 16
17 33
68 44
42 40
76 25
7 35
41 22
27 44
37 11
27 5
68 37
13 19
77 2
16 47
61 29
27 1
20 43
60 24
41 23
78 48
12 3
26 3
77 45
57 41
69 47
19 18
67 16
31 3
23 38
37 37
37 40
46 42
75 39
26 41
27 10
26 10
57 45
1 31
82 11
72 11
20 29
77 49
14 15
17 22
20 6
80 19
41 24
45 39
8 14
46 45
17 9
31 14
27 23
47 11
18 7
60 24
29 3
11 33
46 8
26 26
18 11
29 43
17 43
54 30
57 9
68 35
28 18
78 2
14 43
22 6
29 6
43 19
16 25
64 33
29 2
9 37
17 15
6 43
10 17
58 17
71 33
82 29
70 29
19 18
22 26
71 17
42 22
52 11
37 43
55 46
55 17
31 6
77 1
64 46
16 20
61 34
75 12
78 2
64 2
54 47
76 38
82 4
20 7
72 47
8 28
20 5
77 47
59 18
12 25
52 39
82 16
7 16
16 48
54 15
1 35
3 42
71 13
80 15
22 7
68 29
41 2
42 14
46 4
7 31
16 33
68 15
49 33
28 10
29 30
82 4
45 9
41 13
1 12
57 30
26 26
82 41
23 31
71 46
29 26
8 22
5 18
78 5
9 1
80 27
67 21
54 39
68 24
54 47
46 37
32 45
77 44
37 6
43 46
32 30
75 40
44 25
82 36
41 5
41 6
69 18
16 48
64 23
19 10
22 30
3 36
27 7
75 18
17 31
26 16
22 25
7 4
26 9
64 36
27 45
50 34
50 8
37 42
41 26
12 1
69 39
14 21
45 34
8 27
29 7
40 6
12 24
45 45
59 30
40 5
27 8
29 14
41 43
45 25
31 12
50 27
80 29
46 12
82 33
77 19
77 36
59 13
71 30
13 5
82 34
16 27
12 43
22 2
58 36
27 13
26 33
82 28
38 9
82 26
20 46
41 22
46 14
20 30
49 6
13 24
82 1
46 7
82 26
12 35
43 49
42 34
8 1
27 9
45 24
65 15
29 42
65 8
37 16
41 47
29 48
20 47
16 27
31 49
20 3
77 14
37 7
77 33
58 34
82 33
26 41
5 38
71 21
57 15
54 33
5 28
29 17
72 6
82 5
41 18
80 7
37 12
84 3
70 24
41 26
36 46
46 12
70 22
8 38
82 26
46 9
82 4
41 37
20 25
17 46
3 7
20 45
6 11
52 19
32 20
42 43
82 37
1 28
28 42
58 41
29 38
46 1
82 8
31 20
23 8
31 47
26 2
82 10
64 39
8 12
22 10
17 49
60 20
16 35
82 32
1 37
72 28
77 13
82 49
42 40
13 24
77 3
47 44
46 45
18 48
29 7
41 11
19 40
37 1
7 46
27 43
72 21
60 14
6 43
61 7
46 29
20 37
76 37
22 45
68 1
29 19
22 48
77 0
27 35
44 15
59 32
7 1
49 37
77 41
71 17
17 25
45 46
75 32
17 13
52 22
20 19
27 27
29 37
49 33
13 37
54 13
45 37
45 7
27 24
60 34
82 48
23 17
71 32
44 12
32 21
69 24
27 25
47 3
1 30
82 23
26 10
61 36
67 28
41 16
50 22
77 24
82 11
77 31
33 45
4 43
41 38
77 30
27 25
27 9
64 32
20 6
27 15
27 14
77 17
41 4
50 17
17 4
82 25
40 32
60 30
22 10
8 36
37 43
64 29
27 36
40 1
8 31
45 15
26 40
45 46
61 1
26 21
31 40
32 25
32 20
22 7
44 24
82 14
82 36
31 17
42 28
32 3
16 14
58 28
31 27
37 26
7 20
77 19
26 15
8 31
8 23
20 38
27 24
46 11
82 29
57 5
29 30
77 27
60 28
3 48
32 18
18 32
78 32
27 21
13 18
38 47
74 19
10 41
61 15
63 45
72 48
61 26
32 2
23 33
77 7
1 20
31 16
69 10
29 46
39 21
71 24
40 23
46 33
23 48
20 20
23 33
23 3
8 30
77 25
26 43
29 32
77 7
27 7