0: 2 3 4 5 7 8 11 15 16 18 20 21 23 24 27 29 30 31 32 33 35 36 37 38 39 40 41 42 45 47 48 49 77
1: 1 2 3 4 5 6 7 8 9 10 12 13 14 15 16 17 18 19 20 22 23 24 25 26 27 28 29 30 31 32 33 34 35 36 37 38 39 40 41 42 43 44 45 46 47 48 49 50 52 54 55 57 59 60 61 63 64 65 67 68 69 72 77 78 80 82
2: 0 1 2 3 4 5 7 8 9 11 12 13 14 15 16 17 18 19 20 21 22 23 25 26 27 28 29 30 31 32 33 34 36 37 38 39 40 41 42 43 44 45 46 47 48 49 50 52 54 57 58 59 60 61 62 63 64 65 67 68 69 70 71 72 73 74 75 76 77 78 82
3: 0 1 2 3 4 5 6 7 8 9 10 11 12 13 14 15 16 17 18 19 20 21 22 23 24 25 26 27 28 29 30 31 32 33 34 35 36 37 38 39 40 41 42 43 44 45 46 47 48 49 50 52 54 57 58 59 60 61 63 64 65 67 68 69 70 71 72 73 75 76 77 79 80 82 84
4: 0 1 2 3 4 5 6 7 8 9 10 12 13 14 16 17 18 19 20 21 22 23 24 26 27 29 30 31 32 34 35 36 37 38 39 40 41 42 43 44 45 46 47 48 49 50 54 55 57 58 59 60 61 62 64 65 67 68 69 70 71 72 73 74 76 77 80 82
5: 0 1 2 3 4 5 6 7 8 9 11 12 13 14 15 16 17 18 19 20 21 22 23 24 26 27 28 29 31 32 33 34 35 36 37 38 39 40 41 42 43 44 45 46 47 48 49 54 55 57 58 59 60 64 67 68 69 70 71 72 73 76 77 78 82
6: 1 3 4 5 6 7 8 9 11 12 13 14 15 16 17 18 19 20 21 22 23 24 25 26 27 28 29 30 31 32 33 34 35 36 37 38 39 40 41 42 43 44 45 46 47 49 50 52 54 55 57 58 59 60 61 62 64 65 67 68 69 71 72 75 76 77 78 80 82
7: 0 1 2 3 4 5 6 7 8 9 10 11 12 13 14 15 16 17 18 19 20 21 22 23 24 25 26 27 28 29 30 31 32 33 34 35 36 37 38 39 40 41 42 43 44 45 46 47 48 49 50 54 57 58 59 60 61 63 64 65 67 68 69 72 74 75 77 78 79 80 82
8: 0 1 2 3 4 5 6 7 8 9 10 11 12 13 14 15 16 17 18 19 20 21 22 23 24 25 26 27 28 29 30 31 32 33 34 35 36 37 38 39 40 41 42 43 44 45 46 47 48 49 50 52 54 55 57 58 59 60 61 62 63 64 65 67 68 69 70 71 72 73 74 75 76 77 78 80 82
9: 1 2 3 4 5 6 7 8 9 10 11 12 13 14 15 16 17 18 19 20 21 22 23 24 25 26 27 28 29 30 31 32 33 34 35 36 37 38 39 40 41 42 43 44 45 46 47 48 49 50 54 57 58 59 60 61 62 64 65 67 68 69 71 72 73 74 75 76 77 78 80 82
10: 1 3 4 7 8 9 10 12 13 14 15 16 17 18 19 20 22 23 26 27 28 29 30 31 32 37 38 39 40 41 42 43 44 45 46 47 48 49 50 52 54 57 58 59 60 61 63 64 65 67 68 69 70 71 75 77 78 80 82
11: 0 2 3 5 6 7 8 9 12 13 14 16 17 18 19 20 21 22 23 24 26 27 28 29 31 32 33 35 36 37 38 39 40 41 42 43 44 45 46 47 48 49 50 52 54 56 57 59 60 61 64 65 67 68 69 70 72 73 76 77 78 80 82
12: 1 2 3 4 5 6 7 8 9 10 11 12 13 14 15 16 17 18 19 20 21 22 23 24 25 26 27 28 29 30 31 32 33 34 35 36 37 38 39 40 41 42 43 44 45 46 47 48 49 52 54 57 60 61 62 64 67 68 69 70 71 72 73 74 75 76 77 78 80 82
13: 1 2 3 4 5 6 7 8 9 10 11 12 13 14 15 16 17 18 19 20 21 22 23 24 26 27 28 29 30 31 32 33 34 35 36 37 38 39 40 41 42 43 44 45 46 47 48 49 50 52 54 57 58 59 60 61 62 63 64 65 67 68 69 70 71 72 73 75 76 77 78 80 82
14: 1 2 3 4 5 6 7 8 9 10 11 12 13 14 15 16 17 18 19 20 21 22 23 24 25 26 27 28 29 30 31 32 33 34 35 36 37 38 39 40 41 42 43 44 45 46 47 48 49 50 52 54 57 58 59 60 61 63 64 65 67 68 69 71 72 73 76 77 78 79 80 82
15: 0 1 2 3 5 6 7 8 9 10 12 13 14 16 17 18 19 20 21 22 23 26 27 28 29 31 32 33 37 39 40 41 42 43 44 45 46 47 48 49 52 54 55 57 58 59 60 61 63 64 65 67 68 69 71 72 73 74 75 76 77 78 80 82
16: 0 1 2 3 4 5 6 7 8 9 10 11 12 13 14 15 16 17 18 19 20 22 23 24 25 26 27 28 29 30 31 32 33 34 35 36 37 38 39 40 41 42 43 44 45 46 47 48 49 52 54 57 58 59 60 61 63 64 65 67 68 69 70 71 72 73 75 77 78 80 82 84
17: 1 2 3 4 5 6 7 8 9 10 11 12 13 14 15 16 17 18 19 20 21 22 23 24 25 26 27 28 29 30 31 32 33 34 35 36 37 38 39 40 41 42 43 44 45 46 47 48 49 50 52 54 55 57 58 59 60 61 62 64 67 68 69 70 71 72 73 74 75 77 78 79 80 82
18: 0 1 2 3 4 5 6 7 8 9 10 11 12 13 14 15 16 17 18 19 20 21 22 23 24 25 26 27 28 29 30 31 32 33 34 35 36 37 38 39 40 41 42 43 44 45 46 47 48 49 52 54 56 57 59 60 61 62 64 65 67 68 69 70 71 72 73 74 75 77 78 82
19: 1 2 3 4 5 6 7 8 9 10 11 12 13 14 15 16 17 18 19 20 21 22 23 24 25 26 27 28 29 30 31 32 33 34 35 36 37 38 39 40 41 42 43 44 45 46 47 48 49 50 52 54 57 58 59 60 61 63 64 65 67 68 71 74 75 76 77 78 80 82
20: 0 1 2 3 4 5 6 7 8 9 10 11 12 13 14 15 16 17 18 19 20 21 22 23 24 25 26 27 28 29 30 31 32 33 34 35 36 37 38 39 40 41 42 43 44 45 46 47 48 49 54 55 57 58 60 61 63 64 65 67 68 69 70 71 72 73 75 77 78 79 80 82
21: 0 2 3 4 5 6 7 8 9 11 12 13 14 15 17 18 19 20 21 22 23 24 26 27 28 29 31 32 34 36 37 38 39 40 41 42 43 44 45 46 47 48 49 52 54 57 58 59 60 61 62 64 65 67 68 69 70 71 72 73 74 76 77 78 80 82
22: 1 2 3 4 5 6 7 8 9 10 11 12 13 14 15 16 17 18 19 20 21 22 23 24 25 26 27 28 29 30 31 32 33 34 35 36 37 38 39 40 41 42 43 44 45 46 47 48 49 50 52 55 57 58 59 60 61 62 64 67 68 69 70 71 72 73 74 75 76 77 78 79 80 82 84
23: 0 1 2 3 4 5 6 7 8 9 10 11 12 13 14 15 16 17 18 19 20 21 22 23 24 25 26 27 28 29 30 31 32 33 34 35 36 37 38 39 40 41 42 43 44 45 46 47 48 49 50 54 57 58 59 60 61 64 65 67 68 69 70 71 72 73 75 76 77 78 80 82
24: 0 1 3 4 5 6 7 8 9 11 12 13 14 16 17 18 19 20 21 22 23 26 27 28 29 30 31 32 33 36 37 38 39 40 41 42 44 45 46 47 48 49 50 52 54 55 57 58 59 60 61 64 65 67 68 69 70 71 72 73 74 76 77 80 82
25: 1 2 3 6 7 8 9 12 14 16 17 18 19 20 22 23 26 27 28 29 32 37 38 39 40 41 42 43 44 45 46 47 48 50 52 54 57 58 59 60 61 63 64 65 67 68 69 70 71 72 73 75 76 77 80 82 84
26: 1 2 3 4 5 6 7 8 9 10 11 12 13 14 15 16 17 18 19 20 21 22 23 24 25 26 27 28 29 30 31 32 33 34 35 36 37 38 39 40 41 42 43 44 45 46 47 48 49 50 54 55 57 58 59 60 61 63 64 65 67 68 69 71 72 73 75 76 77 78 80 82
27: 0 1 2 3 4 5 6 7 8 9 10 11 12 13 14 15 16 17 18 19 20 21 22 23 24 25 26 27 28 29 30 31 32 33 34 35 36 37 38 39 40 41 42 43 44 45 46 47 48 49 50 52 54 55 57 58 59 60 61 63 64 65 67 68 69 70 71 72 73 74 76 77 78 79 80 82
28: 1 2 3 5 6 7 8 9 10 11 12 13 14 15 16 17 18 19 20 21 22 23 24 25 26 27 28 29 30 31 32 33 34 35 37 38 39 40 41 42 43 44 45 46 47 48 49 52 54 55 56 57 58 59 60 61 62 63 64 65 67 69 70 71 72 77 78 80 82 84
29: 0 1 2 3 4 5 6 7 8 9 10 11 12 13 14 15 16 17 18 19 20 21 22 23 24 25 26 27 28 29 30 31 32 33 34 35 36 37 38 39 40 41 42 43 44 45 46 47 48 49 50 52 54 57 58 59 60 61 62 63 64 65 67 68 69 70 71 72 74 77 78 79 80 82 84
30: 0 1 2 3 4 6 7 8 9 10 12 13 14 16 17 18 19 20 22 23 24 26 27 28 29 31 32 36 37 40 41 42 43 44 45 46 47 49 50 52 54 57 58 59 60 61 62 64 67 68 71 72 73 74 75 76 77 78 79 80 82
31: 0 1 2 3 4 5 6 7 8 9 10 11 12 13 14 15 16 17 18 19 20 21 22 23 24 26 27 28 29 30 31 32 33 34 35 36 37 38 39 40 41 42 43 44 45 46 47 48 49 50 52 54 55 57 58 59 60 61 63 64 65 67 68 69 70 71 72 73 75 77 78 82
32: 0 1 2 3 4 5 6 7 8 9 10 11 12 13 14 15 16 17 18 19 20 21 22 23 24 25 26 27 28 29 30 31 32 33 34 35 36 37 38 39 40 41 42 43 44 45 46 47 48 49 54 55 57 58 59 60 61 63 64 65 67 68 69 71 72 73 74 75 76 77 78 79 80 82
33: 0 1 2 3 5 6 7 8 9 11 12 13 14 15 16 17 18 19 20 22 23 24 26 27 28 29 31 32 35 36 37 38 39 40 41 42 43 44 45 46 47 48 49 52 54 57 58 59 60 61 63 64 67 68 69 71 72 73 74 75 76 77 78 80 82 84
34: 1 2 3 4 5 6 7 8 9 12 13 14 16 17 18 19 20 21 22 23 26 27 28 29 31 32 35 36 37 38 39 40 41 42 43 44 45 46 47 49 50 52 54 57 58 59 60 61 64 65 67 68 69 70 71 72 73 74 75 77 78 80 82
35: 0 1 3 4 5 6 7 8 9 11 12 13 14 16 17 18 19 20 22 23 26 27 28 29 31 32 33 34 37 39 40 41 42 43 44 46 47 48 49 50 52 54 55 57 58 59 60 61 63 64 65 67 68 69 70 71 72 73 75 76 77 80 82
36: 0 1 2 3 4 5 6 7 8 9 11 12 13 14 16 17 18 19 20 21 22 23 24 26 27 29 30 31 32 33 34 37 38 39 40 41 42 43 44 45 46 47 48 49 50 54 55 57 58 59 60 61 63 64 65 67 68 69 70 71 72 73 76 77 78 80 82
37: 0 1 2 3 4 5 6 7 8 9 10 11 12 13 14 15 16 17 18 19 20 21 22 23 24 25 26 27 28 29 30 31 32 33 34 35 36 37 38 39 40 41 42 43 44 45 46 47 48 49 50 54 55 57 58 59 60 61 64 67 68 70 71 74 75 76 77 78 80 82
38: 0 1 2 3 4 5 6 7 8 9 10 11 12 13 14 16 17 18 19 20 21 22 23 24 25 26 27 28 29 31 32 33 34 36 37 39 40 41 42 43 44 45 46 47 48 50 52 54 57 58 59 61 64 65 67 68 69 70 71 72 73 74 76 77 79 80 82
39: 0 1 2 3 4 5 6 7 8 9 10 11 12 13 14 15 16 17 18 19 20 21 22 23 24 25 26 27 28 29 31 32 33 34 35 36 37 38 39 40 41 42 43 44 45 46 47 48 49 50 52 54 58 59 60 61 62 64 65 67 68 69 71 72 73 75 76 77 78 80 82
40: 0 1 2 3 4 5 6 7 8 9 10 11 12 13 14 15 16 17 18 19 20 21 22 23 24 25 26 27 28 29 30 31 32 33 34 35 36 37 38 39 40 41 42 43 44 45 46 47 48 49 50 52 54 55 57 58 60 61 64 67 68 69 71 72 73 75 77 78 79 80 82 83
41: 0 1 2 3 4 5 6 7 8 9 10 11 12 13 14 15 16 17 18 19 20 21 22 23 24 25 26 27 28 29 30 31 32 33 34 35 36 37 38 39 40 41 42 43 44 45 46 47 48 49 52 54 57 58 59 60 61 62 64 65 67 68 69 71 72 73 75 76 77 80 82
42: 0 1 2 3 4 5 6 7 8 9 10 11 12 13 14 15 16 17 18 19 20 21 22 23 24 25 26 27 28 29 30 31 32 33 34 35 36 37 38 39 40 41 42 43 44 45 46 47 48 49 50 52 57 58 59 60 61 62 63 64 65 67 68 69 71 72 73 75 77 78 82
43: 1 2 3 4 5 6 7 8 9 10 11 12 13 14 15 16 17 18 19 20 21 22 23 25 26 27 28 29 30 31 32 33 34 35 36 37 38 39 40 41 42 43 44 45 46 47 48 49 52 54 55 57 58 59 60 61 63 64 67 68 69 71 72 73 76 77 80 82
44: 1 2 3 4 5 6 7 8 9 10 11 12 13 14 15 16 17 18 19 20 21 22 23 24 25 26 27 28 29 30 31 32 33 34 35 36 37 38 39 40 41 42 43 44 45 46 47 48 49 50 54 55 57 58 59 60 61 62 63 64 65 67 68 70 71 72 75 77 80 82
45: 0 1 2 3 4 5 6 7 8 9 10 11 12 13 14 15 16 17 18 19 20 21 22 23 24 25 26 27 28 29 30 31 32 33 34 36 37 38 39 40 41 42 43 44 45 46 47 48 49 50 52 54 57 58 60 61 63 64 65 67 68 69 70 71 72 76 77 78 80 82 84
46: 1 2 3 4 5 6 7 8 9 10 11 12 13 14 15 16 17 18 19 20 21 22 23 24 25 26 27 28 29 30 31 32 33 34 35 36 37 38 39 40 41 42 43 44 45 46 47 48 49 50 52 54 55 57 58 59 60 61 62 64 67 68 69 70 71 72 75 76 77 78 80 82
47: 0 1 2 3 4 5 6 7 8 9 10 11 12 13 14 15 16 17 18 19 20 21 22 23 24 25 26 27 28 29 30 31 32 33 34 35 36 37 38 39 40 41 42 43 44 45 46 47 48 49 50 52 54 55 57 58 59 60 61 63 64 65 67 68 69 70 71 72 73 75 76 77 78 80 82
48: 0 1 2 3 4 5 7 8 9 10 11 12 13 14 15 16 17 18 19 20 21 22 23 24 25 26 27 28 29 31 32 33 35 36 37 38 39 40 41 42 43 44 45 46 47 49 52 54 55 57 58 59 60 61 64 65 67 68 69 70 71 72 73 74 75 76 77 78 79 80 82
49: 0 1 2 3 4 5 6 7 8 9 10 11 12 13 14 15 16 17 18 19 20 21 22 23 24 26 27 28 29 30 31 32 33 34 35 36 37 39 40 41 42 43 44 45 46 47 48 49 50 54 57 58 60 61 62 64 65 67 68 69 72 73 75 76 77 78 82
50: 1 2 3 4 6 7 8 9 10 11 13 14 17 19 22 23 24 25 26 27 29 30 31 34 35 36 37 38 39 40 42 44 45 46 47 49
52: 1 2 3 6 8 10 11 12 13 14 15 16 17 18 19 21 22 24 25 27 28 29 30 31 33 34 35 38 39 40 41 42 43 45 46 47 48
54: 1 2 3 4 5 6 7 8 9 10 11 12 13 14 15 16 17 18 19 20 21 23 24 25 26 27 28 29 30 31 32 33 34 35 36 37 38 39 40 41 43 44 45 46 47 48 49
55: 1 4 5 6 8 15 17 20 22 24 26 27 28 31 32 35 36 37 40 43 44 46 47 48
56: 11 18 28
57: 1 2 3 4 5 6 7 8 9 10 11 12 13 14 15 16 17 18 19 20 21 22 23 24 25 26 27 28 29 30 31 32 33 34 35 36 37 38 40 41 42 43 44 45 46 47 48 49
58: 2 3 4 5 6 7 8 9 10 13 14 15 16 17 19 20 21 22 23 24 25 26 27 28 29 30 31 32 33 34 35 36 37 38 39 40 41 42 43 44 45 46 47 48 49
59: 1 2 3 4 5 6 7 8 9 10 11 13 14 15 16 17 18 19 21 22 23 24 25 26 27 28 29 30 31 32 33 34 35 36 37 38 39 41 42 43 44 46 47 48
60: 1 2 3 4 5 6 7 8 9 10 11 12 13 14 15 16 17 18 19 20 21 22 23 24 25 26 27 28 29 30 31 32 33 34 35 36 37 39 40 41 42 43 44 45 46 47 48 49
61: 1 2 3 4 6 7 8 9 10 11 12 13 14 15 16 17 18 19 20 21 22 23 24 25 26 27 28 29 30 31 32 33 34 35 36 37 38 39 40 41 42 43 44 45 46 47 48 49
62: 2 4 6 8 9 12 13 17 18 21 22 28 29 30 39 41 42 44 46 49
63: 1 2 3 7 8 10 13 14 15 16 19 20 25 26 27 28 29 31 32 33 35 36 42 43 44 45 47
64: 1 2 3 4 5 6 7 8 9 10 11 12 13 14 15 16 17 18 19 20 21 22 23 24 25 26 27 28 29 30 31 32 33 34 35 36 37 38 39 40 41 42 43 44 45 46 47 48 49
65: 1 2 3 4 6 7 8 9 10 11 13 14 15 16 18 19 20 21 23 24 25 26 27 28 29 31 32 34 35 36 38 39 41 42 44 45 47 48 49
67: 1 2 3 4 5 6 7 8 9 10 11 12 13 14 15 16 17 18 19 20 21 22 23 24 25 26 27 28 29 30 31 32 33 34 35 36 37 38 39 40 41 42 43 44 45 46 47 48 49
68: 1 2 3 4 5 6 7 8 9 10 11 12 13 14 15 16 17 18 19 20 21 22 23 24 25 26 27 29 30 31 32 33 34 35 36 37 38 39 40 41 42 43 44 45 46 47 48 49
69: 1 2 3 4 5 6 7 8 9 10 11 12 13 14 15 16 17 18 20 21 22 23 24 25 26 27 28 29 31 32 33 34 35 36 38 39 40 41 42 43 45 46 47 48 49
70: 2 3 4 5 8 10 11 12 13 16 17 18 20 21 22 23 24 25 27 28 29 31 34 35 36 37 38 44 45 46 47 48
71: 2 3 4 5 6 8 9 10 12 13 14 15 16 17 18 19 20 21 22 23 24 25 26 27 28 29 30 31 32 33 34 35 36 37 38 39 40 41 42 43 44 45 46 47 48
72: 1 2 3 4 5 6 7 8 9 11 12 13 14 15 16 17 18 20 21 22 23 24 25 26 27 28 29 30 31 32 33 34 35 36 38 39 40 41 42 43 44 45 46 47 48 49
73: 2 3 4 5 8 9 11 12 13 14 15 16 17 18 20 21 22 23 24 25 26 27 30 31 32 33 34 35 36 38 39 40 41 42 43 47 48 49
74: 2 4 7 8 9 12 15 17 18 19 21 22 24 27 29 30 32 33 34 37 38 48
75: 2 3 6 7 8 9 10 12 13 15 16 17 18 19 20 22 23 25 26 30 31 32 33 34 35 37 39 40 41 42 44 46 47 48 49
76: 2 3 4 5 6 8 9 11 12 13 14 15 19 21 22 23 24 25 26 27 30 32 33 35 36 37 38 39 41 43 45 46 47 48 49
77: 0 1 2 3 4 5 6 7 8 9 10 11 12 13 14 15 16 17 18 19 20 21 22 23 24 25 26 27 28 29 30 31 32 33 34 35 36 37 38 39 40 41 42 43 44 45 46 47 48 49
78: 1 2 5 6 7 8 9 10 11 12 13 14 15 16 17 18 19 20 21 22 23 26 27 28 29 30 31 32 33 34 36 37 39 40 42 45 46 47 48 49
79: 3 7 14 17 20 22 27 29 30 32 38 40 48
80: 1 3 4 6 7 8 9 10 11 12 13 14 15 16 17 19 20 21 22 23 24 25 26 27 28 29 30 32 33 34 35 36 37 38 39 40 41 43 44 45 46 47 48
82: 1 2 3 4 5 6 7 8 9 10 11 12 13 14 15 16 17 18 19 20 21 22 23 24 25 26 27 28 29 30 31 32 33 34 35 36 37 38 39 40 41 42 43 44 45 46 47 48 49
83: 40
84: 3 16 22 25 28 29 33 45
